P 19 19 0 2 0
P 21.1283837359 10.3425648402 1 100 5
P 15.9259421082 27.3684747088 2 100 5
P 4.58934650277 14.596676817 0 83 1
P 7.69360098123 15.5452136556 0 55 3
P 10.8179139338 16.499879567 0 51 1
P 5.94428618257 15.0106925523 0 77 1
P 2.99973504345 14.1109547092 0 51 1
P 11.4425411103 27.0313348478 0 100 3
P 17.222255484 8.11619787287 0 100 3
P 8.34888702277 8.92014244064 0 87 4
P 4.53399129881 21.4050630611 0 87 4
P 26.4969447922 12.9217163829 0 65 5
P 21.8191931514 28.2304855193 0 65 5
P 15.611151121 28.5643074527 0 70 1
P 21.5357474568 9.17501864586 0 70 1
P 31.3257481679 25.0070093212 0 47 5
P 32.5781807757 20.908202218 0 47 5
P 9.55379609775 9.6728512809 0 91 2
P 5.9538310744 21.45437319 0 91 2
P 17.0466985092 21.2701857302 0 60 4
P 18.6491843305 16.0257676066 0 60 4
P 23.9672917619 11.7520154438 0 62 5
P 19.0677887559 27.786505122 0 62 5
P 15.4939366142 35.4492460069 0 68 2
P 25.2867812352 3.40043089177 0 68 2
P 25.7568840155 11.0052849931 0 52 2
P 20.1343664473 29.4059676342 0 52 2
P 11.0246351269 7.9094398273 0 58 1
P 6.18783676941 23.738717459 0 58 1
