P 19 19 0 3 5
P 30.8397024927 14.7586422166 1 100 5
P 17.878469505 31.5263658062 2 100 5
P 11.5103200956 13.2105745169 0 16 4
P 13.0847849278 14.4276154236 0 85 1
P 9.26005178465 11.471146281 0 5 1
P 13.7698035186 33.2771749034 0 100 2
P 31.4988563741 10.3414049756 0 100 2
P 23.5700745922 9.71511096566 0 77 4
P 11.1660635543 25.7619661285 0 77 4
P 26.9240425073 29.3413007174 0 44 2
P 31.0041510847 24.0629346154 0 44 2
P 31.1663824332 26.7858969481 0 97 5
P 29.6000374123 28.8122504889 0 97 5
P 8.99902770914 30.2829043015 0 90 2
P 27.3991865745 6.47893610247 0 90 2
P 24.0612428626 33.3320962582 0 5 3
P 34.1449254816 20.2870099549 0 5 3
P 30.3681635961 10.6210013306 0 41 3
P 13.7555031324 32.1125136741 0 41 3
