P 19 19 0 95 1
P 13.0749863849 20.253288798 1 100 5
P 21.8808751693 24.3270139299 2 100 5
P 19.7317960614 17.4181272616 0 9 4
P 24.9411092654 6.15751658394 0 39 4
P 30.9698306612 27.4145509852 0 100 3
P 4.83742923284 15.325343063 0 100 3
P 22.6812345289 14.491072813 0 34 5
P 20.053017409 13.2752234654 0 34 5
P 21.5617543782 25.482436865 0 83 5
P 12.4010193051 21.2445549649 0 83 5
P 32.1066990549 27.8947502064 0 40 4
P 3.73541408545 14.769803999 0 40 4
P 26.6552536489 25.2337596655 0 33 3
P 9.29285343462 17.2016747921 0 33 3
P 17.0435332876 7.73138056529 0 55 3
P 28.8547641501 13.1954182315 0 55 3
P 6.85783308583 14.7249492631 0 97 5
P 30.1193334163 25.4860388954 0 97 5
P 19.4989696662 27.8975881227 0 84 2
P 11.8958847175 24.38029657 0 84 2
P 9.31106243484 22.962580681 0 40 2
P 22.252938997 28.9496705813 0 40 2
