P 19 19 0 85 0
P 19.0540576065 9.93997177149 1 100 5
P 18.9459423935 28.0600282285 2 100 5
P 7.56595934432 18.9317775999 0 44 1
P 30.4340406557 19.0682224001 0 44 1
P 24.8671948556 19.7135269151 0 100 5
P 13.1328051444 18.2864730849 0 100 5
P 24.4237175365 20.8516967787 0 11 5
P 13.5762824635 17.1483032213 0 11 5
P 13.1418637879 6.38169268568 0 99 5
P 24.8581362121 31.6183073143 0 99 5
P 29.9508373382 11.8307393149 0 55 1
P 8.04916266176 26.1692606851 0 55 1
P 34.7688839359 24.9033073013 0 79 2
P 3.23111606407 13.0966926987 0 79 2
P 26.7189093012 21.6890518963 0 76 4
P 11.2810906988 16.3109481037 0 76 4
P 4.66435463508 20.1512184532 0 56 4
P 33.3356453649 17.8487815468 0 56 4
P 27.2022109066 16.5300990215 0 1 3
P 10.7977890934 21.4699009785 0 1 3
P 27.2012842235 18.963936382 0 78 4
P 10.7987157765 19.036063618 0 78 4
P 13.3754466452 7.78047136109 0 6 3
P 24.6245533548 30.2195286389 0 6 3
