P 19 19 0 94 5
P 31.51898682 26.9771503167 1 100 5
P 4.20532116139 20.2154983488 2 100 5
P 20.6988658945 12.1374381198 0 18 4
P 22.714579622 3.99497070558 0 51 5
P 22.3089309146 9.44701267793 0 100 3
P 20.5298873935 9.00660042145 0 100 3
P 14.4952476422 30.5176288405 0 65 2
P 17.6112820028 31.2890207193 0 65 2
P 16.3120272029 4.60485996834 0 100 5
P 28.0931755146 7.52134967214 0 100 5
P 27.4949245653 15.8270207273 0 39 1
P 12.9664154304 12.2304063582 0 39 1
P 25.8424117496 4.60765498719 0 48 1
P 19.6621504598 3.07769645161 0 48 1
P 21.9977557356 3.20820587079 0 13 3
P 23.7156599622 3.63348275013 0 13 3
P 18.6358303815 14.1001329011 0 21 5
P 21.608003064 14.8359110101 0 21 5
P 28.9184930288 9.96727914708 0 88 5
P 14.4409478501 6.38328119265 0 88 5
P 26.4117424125 26.8036510931 0 45 3
P 8.80367132679 22.444673796 0 45 3
