P 19 19 0 15 3
P 27.3747388816 26.7135527977 1 100 5
P 8.18843440641 15.4299583318 2 100 5
P 19.8846432348 17.4957776968 0 55 1
P 10.1951377959 29.1819846371 0 106 3
P 14.3809354099 31.6436803145 0 106 3
P 15.3443059792 29.4627395825 0 76 3
P 11.6329307591 27.2800548999 0 76 3
P 26.7172057009 10.494328523 0 25 5
P 22.6826938984 8.12160504689 0 25 5
P 28.4493132785 11.7607043384 0 31 5
P 20.7341003608 7.22333582672 0 31 5
P 16.046745261 25.7584952244 0 19 4
P 14.5288244378 24.8657957979 0 19 4
P 25.9473523799 28.4283380092 0 96 2
P 7.38355967855 17.5108468967 0 96 2
P 19.1630489596 32.6996189852 0 86 1
P 6.94806553573 25.5159052304 0 86 1
