P 19 19 0 85 0
P 7.85154281829 16.5273799829 1 100 5
P 30.1484571817 21.4726200171 2 100 5
P 16.1145401287 32.0098541636 0 59 4
P 21.8854598713 5.99014583639 0 59 4
P 15.4776433133 34.8814708403 0 1 5
P 22.5223566867 3.11852915971 0 1 5
P 27.6804147378 23.9087960785 0 100 4
P 10.3195852622 14.0912039215 0 100 4
P 18.4742368849 35.8115015657 0 72 2
P 19.5257631151 2.18849843429 0 72 2
P 25.1122354767 17.9754019266 0 48 3
P 12.8877645233 20.0245980734 0 48 3
P 27.3943059511 17.0374936291 0 49 4
P 10.6056940489 20.9625063709 0 49 4
P 20.0252718115 5.4501747348 0 15 2
P 17.9747281885 32.5498252652 0 15 2
P 9.31252984893 13.4027806582 0 31 1
P 28.6874701511 24.5972193418 0 31 1
P 29.321296156 26.6989373121 0 85 5
P 8.678703844 11.3010626879 0 85 5
P 27.4993063576 4.83348253483 0 88 4
P 10.5006936424 33.1665174652 0 88 4
P 6.51041526589 18.9497720319 0 25 1
P 31.4895847341 19.0502279681 0 25 1
