P 19 19 0 51 3
P 14.4262575175 2.64574016615 1 100 5
P 33.2333534492 9.73757134444 2 100 5
P 23.8830745911 6.05038938907 0 73 4
P 24.9468784924 3.22924749768 0 59 2
P 23.4836223431 7.10971194776 0 1 5
P 24.3696479541 4.76002704341 0 28 1
P 20.889252796 13.9898188943 0 67 4
P 10.8749429704 15.8191194028 0 100 2
P 27.2023505718 21.9759029227 0 100 2
P 3.32889211218 19.0939458015 0 99 2
P 30.7072854258 29.4178652422 0 99 2
P 9.6890210982 25.2347091999 0 62 2
P 21.8760814588 29.8302392568 0 62 2
P 21.5022299463 28.5910511954 0 71 5
P 10.7880014494 24.5509006064 0 71 5
