P 19 19 0 74 3
P 29.5029087994 31.1338437349 1 100 5
P 5.25468928113 10.7170240691 2 100 5
P 11.6264198556 27.7572987813 0 31 1
P 8.34348539173 31.6563054261 0 36 4
P 17.3051959129 21.0128493182 0 90 5
P 18.2278433323 19.9170588117 0 19 1
P 9.76535267424 29.9676119589 0 3 5
P 17.5564173451 25.1089294053 0 123 4
P 13.2261710635 21.4628943893 0 123 4
P 23.10541593 35.4128146875 0 66 5
P 2.12777656697 17.7497990765 0 66 5
P 18.7576662936 13.950866733 0 33 4
P 24.0166410604 18.3788841947 0 33 4
P 27.1167513218 25.7865960028 0 12 2
P 10.9302005475 12.1576411874 0 12 2
