P 19 19 0 19 1
P 13.481203448 6.61567923941 1 100 5
P 24.518796552 31.3843207606 2 100 5
P 5.89829345795 24.838483538 0 1 2
P 32.101706542 13.161516462 0 1 2
P 18.3095946753 29.3234314662 0 141 5
P 19.6904053247 8.6765685338 0 141 5
P 23.0051596729 5.08821578673 0 23 2
P 14.9948403271 32.9117842133 0 23 2
P 15.6708698524 30.0681239722 0 54 4
P 22.3291301476 7.93187602782 0 54 4
P 17.1621584801 13.1381239038 0 90 2
P 20.8378415199 24.8618760962 0 90 2
P 31.2602915066 29.5946747988 0 2 1
P 6.73970849341 8.40532520121 0 2 1
P 16.3688158034 28.1717533023 0 41 4
P 21.6311841966 9.82824669769 0 41 4
P 20.0086291499 29.3950870113 0 31 1
P 17.9913708501 8.60491298867 0 31 1
P 27.2151607715 30.5124023881 0 100 4
P 10.7848392285 7.48759761185 0 100 4
P 11.2654862398 17.3363224119 0 54 1
P 26.7345137602 20.6636775881 0 54 1
P 23.819304595 6.24614835343 0 89 4
P 14.180695405 31.7538516466 0 89 4
P 30.7604215571 26.8910690412 0 20 1
P 7.23957844294 11.1089309588 0 20 1
P 32.0492313338 15.2481252439 0 81 3
P 5.95076866625 22.7518747561 0 81 3
