P 19 19 0 36 0
P 19.1172657887 4.5459610801 1 100 5
P 33.2179994149 21.6041284534 2 100 5
P 11.9685137328 24.8124130618 0 39 1
P 6.85072193449 29.042915514 0 67 5
P 10.052469109 26.3962663717 0 69 3
P 13.9767910821 23.1523177344 0 33 3
P 7.99309541382 28.098599294 0 83 5
P 18.1449699714 14.2000271211 0 100 3
P 23.5534008128 20.7428014877 0 100 3
P 12.0054624855 21.8538880723 0 13 5
P 14.8811606006 25.332724072 0 13 5
P 23.3686385501 10.7935121251 0 81 3
P 27.8818378917 16.2532925734 0 81 3
P 32.6259494146 16.1878687265 0 18 4
P 24.3254241687 6.14642317596 0 18 4
P 16.1549974452 6.92729824845 0 23 4
P 30.3218808003 24.0654893409 0 23 4
P 21.0903802311 13.7254852494 0 20 3
P 24.5736015903 17.9392640866 0 20 3
P 31.2692408404 7.29563192821 0 86 1
P 32.8036316991 9.15184003607 0 86 1
P 14.8558990764 12.6541697739 0 80 3
P 24.4528672743 24.263969245 0 80 3
P 33.8015893153 24.3864528511 0 4 4
P 16.4944177494 3.44934155221 0 4 4
P 11.2027222402 33.4057658361 0 44 5
P 3.38453811801 23.9478257852 0 44 5
P 14.0170916927 4.59644434292 0 58 5
P 32.2089000137 26.6037327145 0 58 5
