P 19 19 0 72 2
P 4.13428384526 17.9954463057 1 100 5
P 11.8556608849 5.92494498953 2 100 5
P 26.4328775725 23.7547362552 0 66 2
P 24.1119349064 22.2700528156 0 12 5
P 27.7646599684 24.6066639212 0 38 5
P 5.79741293774 24.5181638817 0 100 5
P 18.4747237476 4.70026144924 0 100 5
P 32.1379787766 19.7719360308 0 13 2
P 25.2088116346 30.6040092062 0 13 2
P 15.0309529722 8.19253181986 0 78 4
P 7.52418363806 19.92754601 0 78 4
P 34.4598969318 17.5258951589 0 81 2
P 24.1431334616 33.6536540296 0 81 2
P 33.840925858 15.2047579456 0 32 4
P 21.7763333876 34.0648237791 0 32 4
P 31.8406950052 22.0732617379 0 1 2
P 27.1734929691 29.3693007773 0 1 2
P 12.1651445596 8.63329891244 0 67 5
P 6.72287806102 17.140963361 0 67 5
P 18.173216911 31.8041857222 0 99 2
P 30.2779727916 12.8813341326 0 99 2
P 4.44927298529 14.2749754967 0 90 3
P 8.60999660422 7.77069269061 0 90 3
P 29.7784523944 7.38271442993 0 71 3
P 12.9717399472 33.6559353428 0 71 3
P 26.6660475566 16.1509742198 0 12 3
P 19.6273698473 27.1542406214 0 12 3
P 7.31952991448 7.23715563896 0 70 3
P 3.42387061094 13.3270746404 0 70 3
