P 19 19 0 43 3
P 25.3047834375 14.2575543913 1 100 5
P 11.4867542993 16.5932961157 2 100 5
P 21.6458478322 34.6525878093 0 39 4
P 20.2615583351 26.4632608784 0 58 1
P 21.1764749441 31.8758217925 0 79 1
P 19.1659684762 33.5224980551 0 100 5
P 23.6165101265 32.7701971499 0 100 5
P 12.9035182894 34.8467546715 0 79 1
P 29.9662835067 31.9625363614 0 79 1
P 5.98439131955 19.0913232176 0 92 1
P 31.322494207 14.8082765155 0 92 1
P 3.09918501145 15.1724334469 0 11 1
P 32.7593406503 10.1588050645 0 11 1
P 26.7713508118 26.5330854982 0 64 3
P 14.1363915904 28.6688460429 0 64 3
P 27.6238708357 29.9742331012 0 11 3
P 14.4622735831 32.1990143312 0 11 3
P 32.2937408002 11.3560784534 0 7 3
P 3.9324367884 16.1501544012 0 7 3
P 22.8380561574 15.0058739477 0 7 1
P 14.0623911835 16.4892755698 0 7 1
P 31.9977876745 13.7584779038 0 74 3
P 5.00156827466 18.3218056709 0 74 3
P 6.73652990894 13.5959384843 0 60 1
P 28.8059193091 9.86542140854 0 60 1
P 24.7717251719 27.4638782833 0 55 2
P 16.3308537432 28.8906878079 0 55 2
P 26.1982599898 4.12298650207 0 68 1
P 7.31188633487 7.3154599385 0 68 1
