P 19 19 0 55 1
P 20.2293341715 13.6828910291 1 100 5
P 17.7706658285 24.3171089709 2 100 5
P 3.03945338036 15.3098658571 0 50 1
P 34.9605466196 22.6901341429 0 50 1
P 6.15743244627 16.0307535111 0 40 3
P 31.8425675537 21.9692464889 0 40 3
P 2.96714559936 19.5189974774 0 131 5
P 35.0328544006 18.4810025226 0 131 5
P 25.0955277356 23.8056677114 0 47 5
P 12.9044722644 14.1943322886 0 47 5
P 26.4513194266 16.4831848568 0 39 3
P 11.5486805734 21.5168151432 0 39 3
P 28.2781098589 30.6502794737 0 65 1
P 9.72189014106 7.34972052626 0 65 1
P 16.8802285106 22.0931732346 0 71 2
P 21.1197714894 15.9068267654 0 71 2
P 20.466220434 7.51790695248 0 60 3
P 17.533779566 30.4820930475 0 60 3
P 21.3009556486 30.5965961939 0 30 4
P 16.6990443514 7.40340380607 0 30 4
P 24.1111974274 8.96705889897 0 70 4
P 13.8888025726 29.032941101 0 70 4
P 26.09478568 33.5750143829 0 12 4
P 11.90521432 4.42498561705 0 12 4
P 16.5027300062 14.2154670744 0 42 3
P 21.4972699938 23.7845329256 0 42 3
