P 19 19 0 23 3
P 7.64507908668 24.396719964 1 100 5
P 21.7513393092 6.73260633537 2 100 5
P 28.8225275817 26.8441031927 0 84 1
P 32.2531464372 29.5837369676 0 39 4
P 31.4234384591 28.9211463109 0 97 1
P 29.5191744273 32.1115286649 0 110 5
P 34.1135696348 26.3583440702 0 110 5
P 22.6967754946 29.6428336025 0 91 4
P 30.1969197085 20.2510176616 0 91 4
P 27.7996162612 26.8532718458 0 26 1
P 28.6052021791 25.8445026208 0 26 1
P 13.712767019 3.24544301686 0 22 4
P 2.46617338829 17.3286305304 0 22 4
P 5.99283004645 12.751760195 0 13 1
P 10.0293645616 7.69713882719 0 13 1
P 24.0468892584 10.1654316847 0 36 4
P 11.5006421794 25.8760687011 0 36 4
P 23.6953640438 5.11435508029 0 53 1
P 6.49693030219 26.6505441945 0 53 1
P 3.36412942338 14.1864564476 0 83 5
P 10.8470556348 4.81620120003 0 83 5
P 15.468639695 2.5572606283 0 26 1
P 2.18343541081 19.1932331932 0 26 1
