P 19 19 0 14 1
P 11.1918338197 28.773300806 1 100 5
P 28.411667049 27.2404727475 2 100 5
P 17.920176674 6.86923459096 0 79 5
P 18.3463923624 11.6573535409 0 55 5
P 3.45019958408 21.3102586781 0 100 3
P 34.7133764123 18.5273586348 0 100 3
P 31.8613666942 12.1052416446 0 58 5
P 5.12302288056 14.4853624675 0 58 5
P 9.24439728143 10.0078152216 0 70 4
P 27.0139185819 8.42605653244 0 70 4
P 20.9468312108 35.0517779234 0 28 5
P 19.9190194857 35.1432688589 0 28 5
P 4.93336240725 17.6412988748 0 92 5
P 32.6054812438 15.1780578186 0 92 5
P 32.519222471 9.7009743783 0 40 3
P 4.05084243571 12.235094838 0 40 3
P 34.2249750327 20.2223479622 0 24 4
P 4.23030949443 22.892331134 0 24 4
P 4.49179396562 16.5738301025 0 2 3
P 32.8515589352 14.0493780419 0 2 3
P 16.3094881206 26.4484609482 0 23 2
P 22.9638381725 25.8561221993 0 23 2
P 20.7771789325 32.4504871361 0 70 2
P 19.6265358552 32.5529119372 0 70 2
P 21.6582616499 21.3269495893 0 90 2
P 16.7945451468 21.7598946141 0 90 2
P 6.28641371444 23.1871607568 0 80 4
P 32.253274675 20.8757136863 0 80 4
