P 19 19 0 64 1
P 13.5978916518 8.97423364304 1 100 5
P 24.4021083482 29.025766357 2 100 5
P 26.6468482094 17.2717040293 0 100 2
P 11.3531517906 20.7282959707 0 100 2
P 14.7674836377 32.3353645929 0 42 4
P 23.2325163623 5.66463540712 0 42 4
P 22.3756495783 34.6565072926 0 60 5
P 15.6243504217 3.34349270744 0 60 5
P 13.8380763163 23.7197679661 0 53 5
P 24.1619236837 14.2802320339 0 53 5
P 18.6227218696 26.6337337583 0 91 5
P 19.3772781304 11.3662662417 0 91 5
P 12.4592249558 4.40956585435 0 98 2
P 25.5407750442 33.5904341457 0 98 2
P 16.4077308711 3.98829637288 0 81 5
P 21.5922691289 34.0117036271 0 81 5
P 27.2557137186 7.11457416985 0 14 3
P 10.7442862814 30.8854258302 0 14 3
