P 19 19 0 98 3
P 16.7390279139 11.3441575707 1 100 5
P 21.2609720861 26.6558424293 2 100 5
P 9.55084410373 21.7905848266 0 84 4
P 28.4491558963 16.2094151734 0 84 4
P 13.4479903402 20.6396548098 0 78 1
P 24.5520096598 17.3603451902 0 78 1
P 13.8554161495 28.7662365392 0 100 2
P 24.1445838505 9.23376346081 0 100 2
P 24.1080103453 26.5301473487 0 41 3
P 13.8919896547 11.4698526513 0 41 3
P 31.1304061849 17.1445080851 0 76 2
P 6.86959381511 20.8554919149 0 76 2
P 3.99351112904 13.8083211907 0 85 1
P 34.006488871 24.1916788093 0 85 1
P 24.5617324503 20.3839309604 0 93 1
P 13.4382675497 17.6160690396 0 93 1
