P 19 19 0 40 3
P 28.2312951758 11.2902920503 1 100 5
P 8.29650179751 13.5144249597 2 100 5
P 20.7576968823 34.7541503128 0 8 1
P 19.5772385488 32.6817725645 0 100 4
P 21.4523814851 32.4725621135 0 100 4
P 26.9228559465 14.5340160274 0 54 2
P 10.2876747796 16.3900098763 0 54 2
P 7.44392036251 11.6659101919 0 60 4
P 28.6555041111 9.29932526771 0 60 4
P 7.59111545412 7.84334693393 0 24 4
P 27.6694458674 5.60319953982 0 24 4
P 9.28336439466 12.78292191 0 85 4
P 27.1074780456 10.7942783861 0 85 4
P 32.6582400327 14.0105865683 0 65 5
P 4.5779602904 17.1435146652 0 65 5
P 19.1317080471 12.1498005784 0 98 4
P 17.3617651167 12.3472738225 0 98 4
