P 19 19 0 21 2
P 23.0631480708 29.8667545604 1 100 5
P 7.55576600264 17.0960474967 2 100 5
P 24.6663154318 12.1194320032 0 78 4
P 25.3797871789 11.2530681502 0 39 4
P 25.476373396 4.53473075268 0 100 5
P 31.9549254332 9.86997624418 0 100 5
P 14.2916313302 14.3748210168 0 16 2
P 24.442215179 22.7340741963 0 16 2
P 10.1460315612 25.767579304 0 52 4
P 14.0558359071 28.9873984688 0 52 4
P 9.74648344616 15.4581215476 0 23 1
P 24.2505889988 27.4026059499 0 23 1
P 30.9369081229 9.17424158393 0 7 2
P 26.3544101598 5.40044283123 0 7 2
P 27.5072927493 11.6767380311 0 45 4
P 24.5560124814 9.24628680482 0 45 4
P 7.37578010425 12.4315248356 0 62 1
P 27.6756210273 29.1489385633 0 62 1
P 25.3010105944 14.6973431587 0 30 1
P 22.0145365971 11.9908517273 0 30 1
P 11.8685383265 5.58805608291 0 8 4
P 33.5305652359 23.4272631683 0 8 4
