P 19 19 0 92 0
P 18.468780335 24.9490763873 1 100 5
P 19.531219665 13.0509236127 2 100 5
P 11.0882339274 18.2935229859 0 69 3
P 26.9117660726 19.7064770141 0 69 3
P 21.1428227632 19.4119881607 0 100 1
P 16.8571772368 18.5880118393 0 100 1
P 14.0147971455 6.18179605769 0 34 2
P 23.9852028545 31.8182039423 0 34 2
P 23.8339894155 25.6593093556 0 94 1
P 14.1660105845 12.3406906444 0 94 1
P 24.3701122616 14.6628874624 0 83 3
P 13.6298877384 23.3371125376 0 83 3
P 33.9087989274 14.1704817596 0 98 3
P 4.09120107259 23.8295182404 0 98 3
P 18.3432537281 35.7653954037 0 47 4
P 19.6567462719 2.23460459629 0 47 4
P 22.7904311341 25.0683725419 0 64 4
P 15.2095688659 12.9316274581 0 64 4
P 23.4682424967 28.2940476249 0 68 3
P 14.5317575033 9.70595237508 0 68 3
