P 19 19 0 59 0
P 4.76642266016 16.8570998266 1 100 5
P 8.50470640658 28.8506627914 2 100 5
P 15.7225020577 30.0817313482 0 100 3
P 10.0064960273 11.7430275783 0 100 3
P 25.8984481603 7.33679876529 0 30 3
P 31.3035749694 24.6781064656 0 30 3
P 16.178078142 14.0976554796 0 58 2
P 19.4632570073 24.6375187551 0 58 2
P 8.70154741081 14.6557496465 0 77 5
P 12.993699538 28.4262925705 0 77 5
P 31.7437229369 11.4462994586 0 14 2
P 33.7787233402 17.9752060706 0 14 2
P 22.2100969541 31.8635319024 0 12 3
P 14.3327690481 6.59064342116 0 12 3
P 11.9654121414 19.3410817864 0 89 5
P 13.0174211285 22.7162498801 0 89 5
P 12.1874615643 17.5288116475 0 18 5
P 14.2298457195 24.0814076049 0 18 5
P 3.67602021146 17.6791694459 0 17 5
P 7.14032587934 28.7937265463 0 17 5
P 34.2869576087 23.3129293369 0 50 5
P 29.1291514314 6.76510222049 0 50 5
P 35.3595943964 20.9435688619 0 91 1
P 31.3580555459 8.10540262983 0 91 1
