P 19 19 0 97 5
P 12.0437711858 32.3920054403 1 100 5
P 25.9562288142 5.60799455974 2 100 5
P 9.05264901747 13.8330330481 0 31 2
P 28.9473509825 24.1669669519 0 31 2
P 29.0251105594 10.3305332253 0 100 1
P 8.97488944056 27.6694667747 0 100 1
P 33.5205827747 20.7173187117 0 46 1
P 4.47941722529 17.2826812883 0 46 1
P 11.2525561463 21.1952689198 0 82 5
P 26.7474438537 16.8047310802 0 82 5
P 32.8081251664 22.4379502336 0 92 3
P 5.19187483364 15.5620497664 0 92 3
P 8.44083347915 21.3372691702 0 36 3
P 29.5591665208 16.6627308298 0 36 3
P 4.34887630626 23.4107818457 0 21 4
P 33.6511236937 14.5892181543 0 21 4
P 15.3162351669 14.3414872591 0 65 4
P 22.6837648331 23.6585127409 0 65 4
P 24.5468692996 27.4842002454 0 71 2
P 13.4531307004 10.5157997546 0 71 2
P 30.7562924635 21.6967411704 0 86 5
P 7.24370753648 16.3032588296 0 86 5
P 31.3396813455 29.028300139 0 93 2
P 6.66031865453 8.97169986103 0 93 2
P 27.0691616069 19.6611020349 0 52 2
P 10.9308383931 18.3388979651 0 52 2
P 17.6158584622 31.5772803176 0 39 1
P 20.3841415378 6.4227196824 0 39 1
