P 19 19 0 87 1
P 27.8376024306 9.44956947178 1 100 5
P 10.1623975694 28.5504305282 2 100 5
P 7.17579356703 8.05833248003 0 91 2
P 30.824206433 29.94166752 0 91 2
P 31.6714134809 9.21461398042 0 100 5
P 6.32858651911 28.7853860196 0 100 5
P 19.4779565006 34.7105668218 0 4 2
P 18.5220434994 3.28943317817 0 4 2
P 31.7171029801 29.4405635448 0 66 3
P 6.28289701995 8.55943645519 0 66 3
P 17.1015806514 16.5190420975 0 47 2
P 20.8984193486 21.4809579025 0 47 2
P 20.5635323562 33.1889621192 0 34 2
P 17.4364676438 4.81103788084 0 34 2
P 9.93962826193 21.3754966523 0 34 5
P 28.0603717381 16.6245033477 0 34 5
P 28.1825987162 7.98654551648 0 89 2
P 9.8174012838 30.0134544835 0 89 2
P 19.0284295325 23.9748540031 0 81 4
P 18.9715704675 14.0251459969 0 81 4
P 8.13572410833 29.3159441568 0 85 1
P 29.8642758917 8.68405584316 0 85 1
