P 19 19 0 40 5
P 11.2456322484 18.0964134422 1 100 5
P 26.7543677516 19.9035865578 2 100 5
P 17.5282018381 31.6306263696 0 36 1
P 20.4717981619 6.36937363045 0 36 1
P 16.3865799757 10.8640018943 0 100 4
P 21.6134200243 27.1359981057 0 100 4
P 27.7869087164 5.89469183674 0 72 3
P 10.2130912836 32.1053081633 0 72 3
P 19.8859469481 8.25738568477 0 67 2
P 18.1140530519 29.7426143152 0 67 2
P 13.1930742655 7.28626273939 0 21 5
P 24.8069257345 30.7137372606 0 21 5
P 12.8748867823 13.3982345399 0 68 2
P 25.1251132177 24.6017654601 0 68 2
P 16.0899421095 15.0712881254 0 78 1
P 21.9100578905 22.9287118746 0 78 1
P 3.20233699685 13.7029230207 0 93 1
P 34.7976630031 24.2970769793 0 93 1
P 7.60821746753 22.7907745378 0 18 2
P 30.3917825325 15.2092254622 0 18 2
P 16.3651018279 6.11417618305 0 27 5
P 21.6348981721 31.8858238169 0 27 5
P 26.4738583896 14.4305903134 0 41 1
P 11.5261416104 23.5694096866 0 41 1
P 29.3825292652 30.1701012986 0 7 5
P 8.61747073484 7.82989870145 0 7 5
