P 19 19 0 38 0
P 5.4364448752 23.4379638818 1 100 5
P 27.4678571423 30.48742558 2 100 5
P 15.7782373557 29.0688512232 0 94 4
P 14.7575399861 32.258797564 0 52 5
P 16.0980778445 28.069266011 0 69 3
P 33.414749084 25.6366967793 0 100 5
P 3.41008386219 16.0360077411 0 100 5
P 11.12149057 29.6492443557 0 46 2
P 19.2330763264 32.2447344863 0 46 2
P 16.8058226978 14.2721312869 0 36 5
P 23.5311969413 16.4240708703 0 36 5
P 15.0388926522 5.95445735873 0 86 4
P 29.7984318867 10.6771145019 0 86 4
P 15.1042327311 10.8916345211 0 46 2
P 26.8791382783 14.6592888434 0 46 2
P 26.6867933082 28.8160683033 0 81 4
P 7.04267032201 22.5304752189 0 81 4
