P 19 19 0 37 1
P 22.1447359521 28.8746621293 1 100 5
P 15.8552640479 9.12533787072 2 100 5
P 9.27447424391 22.0972412116 0 66 5
P 28.7255257561 15.9027587884 0 66 5
P 32.5745854191 23.837781213 0 100 2
P 5.4254145809 14.162218787 0 100 2
P 11.493301229 28.7187553485 0 47 3
P 26.506698771 9.28124465148 0 47 3
P 8.5009975654 26.4142399154 0 8 3
P 29.4990024346 11.5857600846 0 8 3
P 15.3694698307 25.9583541561 0 57 2
P 22.6305301693 12.0416458439 0 57 2
P 17.8583996866 7.03040519405 0 45 1
P 20.1416003134 30.969594806 0 45 1
P 21.3390218293 22.2030341846 0 61 4
P 16.6609781707 15.7969658154 0 61 4
P 25.1846580472 22.9909922539 0 85 4
P 12.8153419528 15.0090077461 0 85 4
P 10.5386540076 25.952960594 0 100 4
P 27.4613459924 12.047039406 0 100 4
