P 19 19 0 68 3
P 8.54391422475 21.5466541705 1 100 5
P 29.4560857752 16.4533458295 2 100 5
P 9.03597655868 10.3432225014 0 100 1
P 28.9640234413 27.6567774986 0 100 1
P 27.7113687854 7.91952936453 0 27 1
P 10.2886312146 30.0804706355 0 27 1
P 23.1868543779 10.1504669029 0 41 5
P 14.8131456221 27.8495330971 0 41 5
P 19.3406953078 12.3205808586 0 19 2
P 18.6593046922 25.6794191414 0 19 2
P 13.6134868077 23.244032161 0 92 1
P 24.3865131923 14.755967839 0 92 1
P 4.59764797623 10.3063461551 0 23 1
P 33.4023520238 27.6936538449 0 23 1
