P 19 19 0 75 3
P 31.9811923505 23.6613994201 1 100 5
P 14.7305385299 32.1153230289 2 100 5
P 11.863316638 4.43724076491 0 3 2
P 14.7465809052 10.3206856656 0 43 3
P 16.5749154551 14.0514937317 0 76 3
P 17.8416114798 16.6362503051 0 96 3
P 25.2012640586 21.2840226559 0 100 5
P 17.0056507328 25.3003973222 0 100 5
P 22.4827863814 7.21815582461 0 76 1
P 7.55467464729 14.5338852766 0 76 1
P 9.91332519773 24.3831065433 0 37 4
P 28.8217175898 15.1167850168 0 37 4
P 13.7481318709 17.4890788466 0 57 3
P 21.0236614676 13.92360405 0 57 3
P 7.7423188898 13.2569972715 0 56 4
P 21.3586655781 6.58411658362 0 56 4
P 29.8961842641 13.4165252898 0 100 1
P 7.91125568681 24.1905463019 0 100 1
P 14.9938894797 15.0215610361 0 22 2
P 18.3102624515 13.3963261868 0 22 2
P 10.5273554906 21.7740638608 0 65 5
P 26.3835224008 14.0035280203 0 65 5
P 18.623070945 34.1207334761 0 50 3
P 31.1811903198 27.966451849 0 50 3
P 26.21555624 22.0573215154 0 21 4
P 16.995357517 26.575808552 0 21 4
