P 19 19 0 48 5
P 14.3176051454 31.7829240511 1 100 5
P 23.6823948546 6.2170759489 2 100 5
P 11.8226097656 6.03346441264 0 100 5
P 26.1773902344 31.9665355874 0 100 5
P 32.5258827609 15.0687864667 0 84 1
P 5.47411723911 22.9312135333 0 84 1
P 31.2035980043 21.0232329046 0 25 5
P 6.79640199571 16.9767670954 0 25 5
P 8.94071497059 5.5153606773 0 58 3
P 29.0592850294 32.4846393227 0 58 3
P 27.330404377 11.1243243799 0 39 2
P 10.669595623 26.8756756201 0 39 2
P 21.8077193797 23.1870154573 0 88 3
P 16.1922806203 14.8129845427 0 88 3
