P 19 19 0 36 1
P 28.9762448179 22.1378435113 1 100 5
P 9.02375518208 15.8621564887 2 100 5
P 17.8714283717 5.70765837414 0 100 3
P 20.1285716283 32.2923416259 0 100 3
P 35.3948112868 15.7860372896 0 60 3
P 2.60518871316 22.2139627104 0 60 3
P 13.3291152841 25.7895803741 0 62 1
P 24.6708847159 12.2104196259 0 62 1
P 9.53842507446 13.6605704378 0 53 1
P 28.4615749255 24.3394295622 0 53 1
P 19.9595099503 24.5460957887 0 15 3
P 18.0404900497 13.4539042113 0 15 3
P 14.5821449401 18.9630254132 0 16 4
P 23.4178550599 19.0369745868 0 16 4
P 24.9626857248 27.9353697405 0 75 1
P 13.0373142752 10.0646302595 0 75 1
P 11.1072105542 14.3439817394 0 16 1
P 26.8927894458 23.6560182606 0 16 1
P 23.4532930089 4.00431202123 0 84 5
P 14.5467069911 33.9956879788 0 84 5
P 33.0804014586 11.9695378952 0 1 2
P 4.91959854137 26.0304621048 0 1 2
P 30.8826675357 26.1380270619 0 29 5
P 7.11733246426 11.8619729381 0 29 5
