P 19 19 0 16 3
P 24.0146546182 10.4824436007 1 100 5
P 11.5104495859 12.550026159 2 100 5
P 20.2998750492 26.8613083989 0 74 2
P 20.7900724922 29.8258958628 0 12 5
P 29.4286344315 26.3394354103 0 100 1
P 11.4890173596 29.305768677 0 100 1
P 11.4007989344 25.5648229527 0 22 2
P 28.3079435466 22.7692100192 0 22 2
P 15.5933266562 2.77461815196 0 100 3
P 17.0023828297 2.54162933256 0 100 3
P 30.311734338 25.6385351446 0 13 4
P 10.4273014663 28.9264456101 0 13 4
P 4.88029358869 25.9527458327 0 48 2
P 34.6062571055 21.0375286286 0 48 2
P 11.9835499601 21.6599287268 0 27 3
P 26.4992214836 19.2597482125 0 27 3
P 25.9063419578 12.0300347226 0 80 4
P 10.2176213349 14.6241800552 0 80 4
P 11.6447042109 28.0374137491 0 36 5
P 28.8729496919 25.1887064722 0 36 5
P 18.7951614812 10.1364107121 0 34 3
P 16.3407384157 10.5422519717 0 34 3
P 2.78564259341 17.3607572321 0 95 1
P 33.8236481558 12.2285925898 0 95 1
P 13.4571379145 4.11802006199 0 81 1
P 19.4573117145 3.12588544295 0 81 1
P 5.85024764856 8.8339839969 0 72 1
P 28.1773858364 5.14216981311 0 72 1
