P 19 19 0 66 3
P 16.0482621077 35.7324712443 1 100 5
P 21.9517378923 2.26752875571 2 100 5
P 5.80328719391 16.6719973592 0 76 1
P 32.1967128061 21.3280026408 0 76 1
P 23.8447539457 6.64172049699 0 100 2
P 14.1552460543 31.358279503 0 100 2
P 8.99750578629 31.4951193197 0 24 4
P 29.0024942137 6.50488068028 0 24 4
P 6.43257799928 22.3364249797 0 98 2
P 31.5674220007 15.6635750203 0 98 2
P 7.60675902427 7.17683573027 0 37 2
P 30.3932409757 30.8231642697 0 37 2
P 26.4378687933 21.2759147349 0 62 5
P 11.5621312067 16.7240852651 0 62 5
P 26.243193085 9.06379521943 0 60 4
P 11.756806915 28.9362047806 0 60 4
P 20.208251921 29.4631894011 0 29 4
P 17.791748079 8.53681059892 0 29 4
P 27.0596553334 5.46978392817 0 78 5
P 10.9403446666 32.5302160718 0 78 5
P 32.0752710783 25.927074776 0 34 1
P 5.92472892175 12.072925224 0 34 1
P 33.2617469629 17.4609848906 0 72 5
P 4.7382530371 20.5390151094 0 72 5
