P 19 19 0 58 4
P 24.3618985634 3.75899642438 1 100 5
P 3.48475806748 14.4927376412 2 100 5
P 25.2587953849 31.1733650874 0 29 5
P 22.0118409516 24.8580345312 0 45 2
P 26.4592073808 33.5081679661 0 58 1
P 13.832405749 13.5763448333 0 100 1
P 17.5957724146 11.6414532278 0 100 1
P 15.6622967547 34.1057979936 0 97 3
P 33.2274920402 25.0748552429 0 97 3
P 11.4663785406 12.0182626383 0 44 2
P 17.7052806081 8.81060303169 0 44 2
P 20.9307368736 2.35695022282 0 57 1
P 4.34092301129 10.8864118542 0 57 1
P 13.7283290877 7.02108452634 0 75 4
P 12.324985706 7.74259735519 0 75 4
P 5.32073610455 23.3270128626 0 1 2
P 30.478475571 10.3924510109 0 1 2
P 32.566890925 23.9410018318 0 77 2
P 15.1245163195 32.9087977451 0 77 2
