P 19 19 0 63 1
P 33.8075524306 24.59954741 1 100 5
P 4.19244756936 13.40045259 2 100 5
P 13.3958387282 33.8197534167 0 80 4
P 24.6041612718 4.18024658332 0 80 4
P 14.5236250305 30.8374133133 0 2 4
P 23.4763749695 7.16258668672 0 2 4
P 22.4436581764 3.14475388989 0 103 1
P 15.5563418236 34.8552461101 0 103 1
P 25.5935583288 22.4467770822 0 20 3
P 12.4064416712 15.5532229178 0 20 3
P 8.6331487562 27.8244174738 0 72 2
P 29.3668512438 10.1755825262 0 72 2
P 20.6248473072 34.5408209716 0 25 4
P 17.3751526928 3.45917902836 0 25 4
P 28.6881942943 15.7874251017 0 2 4
P 9.31180570567 22.2125748983 0 2 4
P 13.800308614 23.2493733826 0 83 2
P 24.199691386 14.7506266174 0 83 2
P 28.4071443857 26.2580622212 0 72 5
P 9.59285561434 11.7419377788 0 72 5
P 25.0390337013 24.297362722 0 13 5
P 12.9609662987 13.702637278 0 13 5
P 10.4736120926 29.1200446658 0 58 3
P 27.5263879074 8.87995533425 0 58 3
P 14.9375937232 5.02165999134 0 82 3
P 23.0624062768 32.9783400087 0 82 3
