P 19 19 0 88 3
P 11.9414186756 33.7938367657 1 100 5
P 25.0199475572 3.75397074733 2 100 5
P 29.4194647024 23.5363474643 0 50 4
P 27.5550708997 22.7246418402 0 5 5
P 24.7684807491 21.5114373691 0 4 4
P 23.2966181956 18.5897851479 0 142 4
P 21.627050348 22.4245891159 0 142 4
P 10.1537301545 5.79683181666 0 8 4
P 3.30829228012 21.5200097402 0 8 4
P 6.07432780669 24.5224986778 0 37 5
P 14.2360647375 5.77593428218 0 37 5
P 19.1926644942 5.08693864937 0 72 2
P 8.94696339088 28.6201273739 0 72 2
P 9.11400690642 7.27380175502 0 24 4
P 3.68105478868 19.7526634969 0 24 4
P 31.9998267891 8.727511914 0 6 2
P 20.3374857797 35.5145584202 0 6 2
P 6.05057086701 9.31150760292 0 91 5
P 3.08549925435 16.1219336673 0 91 5
