P 19 19 0 71 4
P 35.8302927816 17.1518349955 1 100 5
P 2.16970721838 20.8481650045 2 100 5
P 17.3241301159 3.73871069668 0 77 5
P 20.6758698841 34.2612893033 0 77 5
P 17.1980274057 2.59035785603 0 9 2
P 20.8019725943 35.409642144 0 9 2
P 33.8040516258 17.1965279737 0 116 2
P 4.19594837423 20.8034720263 0 116 2
P 28.9885439507 7.19111565574 0 13 2
P 9.01145604934 30.8088843443 0 13 2
P 10.8710252904 19.4719701612 0 18 2
P 27.1289747096 18.5280298388 0 18 2
P 30.9566594732 23.2434105825 0 68 2
P 7.04334052684 14.7565894175 0 68 2
P 20.0136803855 29.5659251183 0 26 2
P 17.9863196145 8.4340748817 0 26 2
P 8.19881830428 28.1979856625 0 60 3
P 29.8011816957 9.8020143375 0 60 3
P 10.4785499019 31.7671604058 0 70 2
P 27.5214500981 6.23283959416 0 70 2
P 28.4369665348 13.2634213497 0 48 3
P 9.56303346516 24.7365786503 0 48 3
P 25.3917878527 11.2611447795 0 67 3
P 12.6082121473 26.7388552205 0 67 3
P 32.4264518575 9.85364363397 0 65 2
P 5.57354814253 28.146356366 0 65 2
P 13.137088429 30.8020250371 0 68 1
P 24.862911571 7.19797496292 0 68 1
