P 19 19 0 75 0
P 8.51616861051 29.0122742297 1 100 5
P 15.5903745485 4.90990382806 2 100 5
P 23.9172863122 10.3624174667 0 100 4
P 18.4690449634 28.9249999217 0 100 4
P 6.30326393822 8.48220335559 0 8 5
P 2.63291391697 20.9873716377 0 8 5
P 27.3968671947 27.6370901147 0 48 2
P 30.7328557482 16.2711173852 0 48 2
P 13.2658550648 28.0327358923 0 8 2
P 19.0572350688 8.30105332362 0 8 2
P 27.7222840328 24.2579281901 0 24 2
P 29.1803671224 19.290125583 0 24 2
P 14.3477869494 32.2155110115 0 32 2
P 22.2281455538 5.36651571142 0 32 2
