P 19 19 0 78 3
P 17.891020373 35.3440882479 1 100 5
P 20.108979627 2.65591175212 2 100 5
P 2.50159694351 17.8805497994 0 5 1
P 35.4984030565 20.1194502006 0 5 1
P 25.0574262052 5.53773613766 0 136 3
P 12.9425737948 32.4622638623 0 136 3
P 23.0775135742 32.8320349115 0 52 4
P 14.9224864258 5.16796508846 0 52 4
P 10.0944732855 23.1507782493 0 42 2
P 27.9055267145 14.8492217507 0 42 2
P 24.5307688141 6.78065113288 0 60 3
P 13.4692311859 31.2193488671 0 60 3
P 14.1118186635 4.07342486175 0 27 5
P 23.8881813365 33.9265751383 0 27 5
P 11.8411083194 13.4670181677 0 9 3
P 26.1588916806 24.5329818323 0 9 3
