P 19 19 0 81 3
P 32.6669321439 16.8993777963 1 100 5
P 5.33306785608 21.1006222037 2 100 5
P 16.5632530643 3.14619489262 0 35 1
P 21.4367469357 34.8538051074 0 35 1
P 16.7233775357 4.18798635869 0 47 1
P 21.2766224643 33.8120136413 0 47 1
P 7.83686047878 17.9236467644 0 100 5
P 30.1631395212 20.0763532356 0 100 5
P 30.2055291147 12.6984517964 0 68 4
P 7.79447088527 25.3015482036 0 68 4
P 6.76244683897 30.5965786539 0 50 3
P 31.237553161 7.4034213461 0 50 3
P 16.1577138181 26.1464573693 0 44 3
P 21.8422861819 11.8535426307 0 44 3
P 20.0028797903 10.3901202686 0 30 2
P 17.9971202097 27.6098797314 0 30 2
