P 19 19 0 67 2
P 30.1457215243 24.0485009381 1 100 5
P 6.77620622852 19.541604885 2 100 5
P 16.0922441813 34.0775263687 0 44 5
P 16.558595781 31.6593630222 0 5 1
P 17.0068602024 29.334986749 0 23 2
P 17.4256107101 27.1636483645 0 95 1
P 17.2034468764 28.3156299164 0 24 3
P 35.2979406475 16.0353724208 0 100 1
P 4.97338461715 10.1871714567 0 100 1
P 23.1434535676 25.9002663853 0 64 2
P 12.5876600969 23.864543208 0 64 2
P 28.3051949589 12.5749939268 0 2 3
P 12.7514593511 9.57539942371 0 2 3
P 21.124217651 24.0296688867 0 87 3
P 15.1577118794 22.87900654 0 87 3
P 31.9107857533 15.5433244934 0 49 1
P 8.30060153048 10.9900145621 0 49 1
P 5.81499652169 27.44527017 0 36 1
P 28.0988100094 31.7427846792 0 36 1
P 28.9636152113 15.3773118482 0 66 3
P 11.0981439716 11.9318907174 0 66 3
P 21.1959766325 32.8297353698 0 18 1
P 11.8185634796 31.0212671243 0 18 1
P 25.0238869237 17.336956121 0 94 4
P 14.0265788664 15.2160852492 0 94 4
P 8.14130696153 31.5250879844 0 56 4
P 24.4221497917 34.6649077608 0 56 4
