P 19 19 0 64 2
P 16.8858982741 26.4177555437 1 100 5
P 12.0725345105 15.6084302594 2 100 5
P 31.7300731898 13.331332309 0 46 5
P 29.4892623256 14.3291594195 0 96 1
P 7.97430840877 20.3010073936 0 100 2
P 10.6563745695 26.3240978953 0 100 2
P 9.00594099638 6.03185733309 0 17 2
P 21.9517226738 35.1040762807 0 17 2
P 23.286916842 8.03920403917 0 74 5
P 30.0144413427 23.147141909 0 74 5
P 2.54790022841 18.7631816962 0 6 1
P 8.16880598769 31.3859963697 0 6 1
P 26.7776199137 4.44796702348 0 34 5
P 35.0189648817 22.9554771379 0 34 5
P 31.3755679001 10.7189076236 0 70 3
P 33.4345032154 15.3426391045 0 70 3
P 10.1869150079 29.1302699644 0 75 1
P 5.57461123 18.7724631803 0 75 1
P 4.20487142851 11.1598692685 0 51 3
P 14.9283402441 35.241461331 0 51 3
P 9.88322006796 15.2097463575 0 57 2
P 15.7174578566 28.3116387431 0 57 2
P 26.8681792758 32.7115714214 0 87 1
P 14.0734349417 3.97853560116 0 87 1
P 11.0616231551 8.62696164528 0 96 2
P 21.3983301627 31.840006389 0 96 2
P 22.738463787 25.7929295274 0 100 3
P 16.4525509521 11.6767147809 0 100 3
