P 19 19 0 66 1
P 17.8278241648 2.14353847836 1 100 5
P 35.6061830586 22.1223349347 2 100 5
P 28.4557981911 10.5856506054 0 23 1
P 24.460417863 18.1612077698 0 100 1
P 20.4674114297 13.6739846658 0 100 1
P 6.13107124354 26.6944843003 0 64 5
P 9.8627145924 30.8879952628 0 64 5
P 20.7704040914 30.5873326087 0 54 2
P 7.69676670419 15.8955637078 0 54 2
P 20.7187452824 33.7745993607 0 46 4
P 4.52507633518 15.5766308243 0 46 4
P 29.4081137461 18.0194887503 0 68 2
P 21.1829094643 8.77624626995 0 68 2
P 24.4315163419 32.6684399236 0 26 4
P 6.05503332068 12.0174891774 0 26 4
P 5.98504992738 15.9165590091 0 14 3
P 20.550713035 32.2850224998 0 14 3
P 6.80933817559 16.9379414069 0 95 1
P 19.6319968781 31.3476678488 0 95 1
P 13.0097853858 3.75150737262 0 22 1
P 33.4494227327 26.7209702255 0 22 1
P 30.985112145 24.2946997048 0 92 1
P 15.1333691682 6.4809775101 0 92 1
