P 19 19 0 55 1
P 14.3742321373 4.66146492684 1 100 5
P 23.6257678627 33.3385350732 2 100 5
P 14.1508031848 30.4109784627 0 100 5
P 23.8491968152 7.58902153728 0 100 5
P 33.6760690069 27.0422327745 0 27 5
P 4.3239309931 10.9577672255 0 27 5
P 14.2937700132 20.0588126475 0 75 4
P 23.7062299868 17.9411873525 0 75 4
P 29.8341697482 6.35594324174 0 82 3
P 8.16583025182 31.6440567583 0 82 3
P 7.68041115836 8.1431035771 0 95 4
P 30.3195888416 29.8568964229 0 95 4
P 23.5911612577 29.2907948575 0 100 5
P 14.4088387423 8.70920514247 0 100 5
P 26.3611779239 34.0810911137 0 62 4
P 11.6388220761 3.91890888633 0 62 4
P 17.6068282808 11.636674716 0 6 2
P 20.3931717192 26.363325284 0 6 2
P 30.0980062065 28.11801707 0 61 5
P 7.90199379353 9.88198292997 0 61 5
P 10.8881104035 19.8678623234 0 38 1
P 27.1118895965 18.1321376766 0 38 1
P 22.6841017403 28.6789354447 0 14 4
P 15.3158982597 9.32106455532 0 14 4
P 28.6101055418 31.7856202949 0 95 2
P 9.38989445824 6.21437970513 0 95 2
