P 19 19 0 93 3
P 23.7324663327 7.83761433391 1 100 5
P 27.3858141302 10.2436758442 2 100 5
P 10.941680219 31.2356991699 0 90 1
P 11.6137078123 30.2152969411 0 56 5
P 10.2635069029 32.2654330234 0 65 1
P 12.8233030253 28.378655613 0 28 5
P 15.7515682288 23.9323972002 0 13 3
P 26.3419328569 19.7756495862 0 100 3
P 15.3877040715 12.5612945027 0 100 3
P 15.1795916651 9.64328585375 0 82 4
P 29.1049078019 18.8143719456 0 82 4
P 11.1788016581 29.024889161 0 35 3
P 12.8791046497 30.1446931902 0 35 3
P 9.62669010514 7.28507838543 0 63 2
P 33.4645229826 22.9844575174 0 63 2
P 31.8373838481 12.6339216422 0 64 1
P 19.7783897771 4.69197822632 0 64 1
P 12.9876781135 31.932216342 0 37 1
P 9.49371914814 29.6311268616 0 37 1
P 22.2647139382 30.2932099949 0 23 4
P 7.33550152968 20.4609669824 0 23 4
P 28.376838998 15.538049949 0 70 3
P 18.4771072297 9.01817697504 0 70 3
P 9.25108064485 10.7464046574 0 14 4
P 30.4329426281 24.6965856032 0 14 4
