P 19 19 0 15 0
P 12.6236405118 31.4685630905 1 100 5
P 25.3763594882 6.53143690952 2 100 5
P 11.7944353122 15.3151110171 0 66 4
P 26.2055646878 22.6848889829 0 66 4
P 7.80854198188 13.2767455237 0 12 1
P 30.1914580181 24.7232544763 0 12 1
P 2.84687630997 21.84001545 0 110 2
P 35.15312369 16.15998455 0 110 2
P 26.5054861251 16.5691265348 0 23 2
P 11.4945138749 21.4308734652 0 23 2
P 25.1794952364 33.8790923988 0 84 4
P 12.8205047636 4.12090760116 0 84 4
P 18.767870819 25.7164219053 0 87 4
P 19.232129181 12.2835780947 0 87 4
P 26.0627402946 7.39362043848 0 81 1
P 11.9372597054 30.6063795615 0 81 1
P 9.43488738884 31.4260129885 0 74 2
P 28.5651126112 6.57398701155 0 74 2
P 16.8494764646 32.2011577394 0 15 2
P 21.1505235354 5.79884226055 0 15 2
P 13.9421357397 10.2505655865 0 61 2
P 24.0578642603 27.7494344135 0 61 2
