P 19 19 0 84 0
P 13.9212619735 27.7728770778 1 100 5
P 24.0787380265 10.2271229222 2 100 5
P 5.809231077 11.3636842128 0 31 5
P 32.190768923 26.6363157872 0 31 5
P 9.71392656109 16.8379029088 0 100 4
P 28.2860734389 21.1620970912 0 100 4
P 15.9001424839 15.2266005921 0 27 2
P 22.0998575161 22.7733994079 0 27 2
P 33.4886866858 22.0237595203 0 38 3
P 4.51131331417 15.9762404797 0 38 3
P 3.10469553047 16.4754600297 0 58 4
P 34.8953044695 21.5245399703 0 58 4
P 22.5715732635 27.4887839556 0 21 2
P 15.4284267365 10.5112160444 0 21 2
P 33.4380322664 19.4183926472 0 48 3
P 4.56196773355 18.5816073528 0 48 3
P 16.0220814587 34.5251697367 0 11 1
P 21.9779185413 3.47483026332 0 11 1
P 7.37619490245 22.644930065 0 1 4
P 30.6238050976 15.355069935 0 1 4
P 26.3910434398 20.6823732357 0 8 1
P 11.6089565602 17.3176267643 0 8 1
P 16.2399574414 32.8571399088 0 100 2
P 21.7600425586 5.14286009121 0 100 2
