P 19 19 0 94 5
P 2.76119021196 21.8328333659 1 100 5
P 3.36301328271 13.7838199212 2 100 5
P 9.64992856941 18.3008970927 0 74 5
P 4.93689745156 21.8587174613 0 100 1
P 5.5183782648 14.0817692002 0 100 1
P 15.2776550966 28.2941610274 0 70 1
P 16.7011616499 9.25563634587 0 70 1
P 22.3435581645 9.71929814983 0 37 3
P 20.9262647872 28.6747254225 0 37 3
P 29.8654784633 30.1147736859 0 59 3
P 31.3975247924 9.62459625687 0 59 3
P 23.4992998542 33.6522091353 0 22 5
P 25.6281767457 5.17978998895 0 22 5
P 27.3864441913 21.7157418342 0 61 1
P 27.6970494553 17.5615874529 0 61 1
P 11.0131546429 7.81083156222 0 65 4
P 9.43803801555 28.8770477419 0 65 4
P 30.6290093775 20.7771333917 0 58 1
P 30.7639821368 18.9719557462 0 58 1
P 5.65810467674 26.4078286999 0 28 5
P 6.90805675017 9.69048844962 0 28 5
