P 19 19 0 89 0
P 24.4377830715 22.7144499725 1 100 5
P 13.5622169285 15.2855500275 2 100 5
P 22.146837215 21.9283385042 0 100 1
P 15.853162785 16.0716614958 0 100 1
P 34.3668816895 22.7049954585 0 49 3
P 3.63311831053 15.2950045415 0 49 3
P 12.0985863521 18.4998640595 0 39 1
P 25.9014136479 19.5001359405 0 39 1
P 34.1592660355 16.1706626936 0 29 3
P 3.84073396451 21.8293373064 0 29 3
P 29.6397790718 9.99397742085 0 35 4
P 8.36022092819 28.0060225792 0 35 4
P 5.3916391049 9.84220808233 0 76 5
P 32.6083608951 28.1577919177 0 76 5
P 15.8300328946 23.7679346976 0 47 2
P 22.1699671054 14.2320653024 0 47 2
P 3.65968713677 17.7804207893 0 37 3
P 34.3403128632 20.2195792107 0 37 3
P 6.18229077836 17.8776344472 0 1 4
P 31.8177092216 20.1223655528 0 1 4
P 16.1060648151 3.0156467693 0 26 5
P 21.8939351849 34.9843532307 0 26 5
P 35.7051025467 21.1059019868 0 57 3
P 2.29489745329 16.8940980132 0 57 3
