P 19 19 0 9 4
P 5.05990245659 16.9106714157 1 100 5
P 9.5736422149 8.51976181758 2 100 5
P 9.44778157279 13.8615549255 0 27 4
P 15.5038419566 17.1193043046 0 57 1
P 12.6547372223 15.5866793651 0 99 2
P 9.06433078362 9.95108001872 0 100 4
P 5.97350498107 15.696834378 0 100 4
P 8.12365817882 6.84725234178 0 45 4
P 2.86519358796 16.6225835238 0 45 4
P 31.0856501928 24.8262849003 0 63 5
P 30.5224446232 25.8732675073 0 63 5
P 25.9074198393 24.6477232534 0 25 2
P 27.5195005058 21.6509126568 0 25 2
P 26.4745515403 26.088712444 0 74 5
P 29.0344477499 21.3299405996 0 74 5
P 27.2022909047 11.9922666225 0 1 4
P 17.6733192794 29.7063449151 0 1 4
P 21.9646841139 6.34561547158 0 100 1
P 10.0750207491 28.4481503513 0 100 1
P 22.7469491148 30.4755272504 0 48 1
P 30.6404049807 15.8018247034 0 48 1
P 6.08264041796 9.31219498855 0 7 4
P 3.79707213698 13.5609992735 0 7 4
P 16.9778699813 2.66232297178 0 80 3
P 4.25319149117 26.317126437 0 80 3
P 35.0853915004 18.9607678819 0 34 2
P 27.832630946 32.4434366682 0 34 2
