P 19 19 0 29 1
P 25.6246529398 5.82535620196 1 100 5
P 22.0814215905 33.4208913303 2 100 5
P 33.0229450148 20.8005281708 0 90 2
P 26.2849041962 19.9353723639 0 74 1
P 29.0504671977 20.2904671094 0 5 3
P 35.7824045253 21.1548392359 0 17 1
P 6.38862310666 11.595659252 0 100 5
P 4.92713003462 22.9781176447 0 100 5
P 16.5384039779 31.0582616144 0 38 4
P 19.6645609919 6.71100139043 0 38 4
P 24.6757639972 21.5981016856 0 11 1
P 25.1480202145 17.9200570561 0 11 1
P 6.60324589346 27.3157714722 0 75 1
P 9.1062018873 7.82215018612 0 75 1
P 26.9277200157 4.74282797278 0 54 5
P 23.0687383939 34.7975019147 0 54 5
P 9.82190508519 25.8615813581 0 4 3
P 11.853079566 10.0423075902 0 4 3
