P 19 19 0 64 2
P 11.4217713361 4.58482232778 1 100 5
P 26.5782286639 33.4151776722 2 100 5
P 16.3754079881 28.2452438253 0 100 5
P 21.6245920119 9.75475617469 0 100 5
P 12.7606428208 29.0402501429 0 12 1
P 25.2393571792 8.95974985712 0 12 1
P 7.64404859052 15.0041661966 0 85 1
P 30.3559514095 22.9958338034 0 85 1
P 12.9488350038 9.08714956027 0 63 4
P 25.0511649962 28.9128504397 0 63 4
P 23.6854999542 28.0399997491 0 31 4
P 14.3145000458 9.96000025095 0 31 4
P 24.3558447495 5.28362452463 0 32 4
P 13.6441552505 32.7163754754 0 32 4
P 16.5073716829 8.02306244189 0 54 1
P 21.4926283171 29.9769375581 0 54 1
P 10.3205264843 21.1722287957 0 39 4
P 27.6794735157 16.8277712043 0 39 4
P 3.69007456248 25.644741034 0 45 5
P 34.3099254375 12.355258966 0 45 5
P 9.44629824251 6.62676826707 0 3 3
P 28.5537017575 31.3732317329 0 3 3
P 7.81624492719 18.6891734643 0 5 2
P 30.1837550728 19.3108265357 0 5 2
P 16.4209737777 30.2293093694 0 10 1
P 21.5790262223 7.77069063062 0 10 1
