P 19 19 0 30 2
P 25.4712234611 11.5625496381 1 100 5
P 27.6104834701 14.1987527266 2 100 5
P 9.54870188065 26.6696610319 0 79 5
P 8.23868502059 27.7327303728 0 59 4
P 11.7230353832 22.13855621 0 100 5
P 14.4304067341 25.4748410406 0 100 5
P 8.60773011376 11.0662647653 0 69 1
P 24.6240443605 30.8031162493 0 69 1
P 25.4706648608 27.0413564718 0 81 3
P 12.4632056319 11.0123071518 0 81 3
P 24.2270438915 21.5206576852 0 89 2
P 17.6095656809 13.3659610035 0 89 2
P 8.02289415472 20.1326672974 0 42 1
P 15.6314815269 29.5087045463 0 42 1
P 23.4318781516 34.9778641489 0 86 4
P 4.27696926573 11.3733327915 0 86 4
P 34.3343185906 16.6087340437 0 43 2
P 24.497274406 4.48657677809 0 43 2
P 22.9145717484 9.88886604271 0 53 5
P 28.7219082097 17.0452277054 0 53 5
P 3.53865148868 21.2457522842 0 93 3
P 13.6189668481 33.6676918201 0 93 3
