P 19 19 0 95 4
P 13.4901061034 5.91769894457 1 100 5
P 10.7810177972 30.5738439253 2 100 5
P 28.6233765285 6.25251990799 0 100 5
P 25.6259541096 33.5328715897 0 100 5
P 17.6224434523 32.2237836025 0 95 2
P 20.5265649678 5.79258866372 0 95 2
P 9.4492273926 22.1302295778 0 77 1
P 10.3567407366 13.8707053201 0 77 1
P 13.795878763 30.2200471079 0 62 3
P 16.3562224838 6.91766680656 0 62 3
P 20.9457157664 3.70672579254 0 99 5
P 17.5786948069 34.3508936996 0 99 5
P 26.84699813 25.7690706665 0 50 1
P 28.1295495352 14.0962236362 0 50 1
P 16.5352932734 11.5282460319 0 8 5
P 14.9717645675 25.7583434292 0 8 5
