P 19 19 0 17 0
P 9.1795752278 9.6427687464 1 100 5
P 28.8204247722 28.3572312536 2 100 5
P 7.88742673398 30.6626581974 0 5 3
P 30.112573266 7.33734180264 0 5 3
P 34.0757123077 23.1725146939 0 157 1
P 3.92428769228 14.8274853061 0 157 1
P 7.27166310905 7.84172077014 0 50 3
P 30.7283368909 30.1582792299 0 50 3
P 9.98436424386 21.9909703509 0 7 2
P 28.0156357561 16.0090296491 0 7 2
P 21.486344817 25.1053381597 0 75 5
P 16.513655183 12.8946618403 0 75 5
P 25.3321766891 19.0334221122 0 32 2
P 12.6678233109 18.9665778878 0 32 2
P 13.2528219077 30.4268477315 0 36 1
P 24.7471780923 7.57315226847 0 36 1
