P 19 19 0 99 0
P 21.300959791 29.5696182244 1 100 5
P 16.699040209 8.43038177561 2 100 5
P 24.4818910185 3.99115016511 0 100 5
P 13.5181089815 34.0088498349 0 100 5
P 9.16453157765 10.8127614632 0 100 4
P 28.8354684223 27.1872385368 0 100 4
P 5.10002337351 13.9156362068 0 16 5
P 32.8999766265 24.0843637932 0 16 5
P 26.2114515096 9.53320788433 0 69 2
P 11.7885484904 28.4667921157 0 69 2
P 21.4865959082 5.28389427412 0 8 2
P 16.5134040918 32.7161057259 0 8 2
P 32.5116594631 22.7887129799 0 80 4
P 5.48834053692 15.2112870201 0 80 4
