P 19 19 0 34 0
P 16.8208530703 2.8304123027 1 100 5
P 6.37386871406 29.3336855183 2 100 5
P 4.51193750888 13.2891370071 0 48 2
P 9.78787075491 15.3687892689 0 79 1
P 12.4924047224 16.434854725 0 52 1
P 3.24429367328 12.7894607893 0 56 2
P 24.289524281 3.59736642459 0 124 2
P 12.3570773729 33.8691548902 0 124 2
P 3.21526425928 19.0262796074 0 11 3
P 7.47867750065 8.21029653382 0 11 3
P 9.92741962538 13.1297608155 0 23 5
P 8.3621168702 17.1008251122 0 23 5
P 5.29786789652 27.7540267036 0 58 3
P 14.9563968036 3.2510101626 0 58 3
P 31.0585777112 29.8763172939 0 39 5
P 35.2365898625 19.2769908501 0 39 5
P 23.8234951512 16.8001574854 0 34 5
P 21.0251304812 23.8994141585 0 34 5
P 33.1628536803 26.4153029186 0 6 1
P 34.4133228084 23.2429496519 0 6 1
P 29.1107123075 24.536101758 0 59 5
P 30.1688038699 21.8517970047 0 59 5
P 23.8441805513 6.27366496233 0 21 3
P 13.8576484373 31.6088028421 0 21 3
