P 19 19 0 91 0
P 34.5693834307 21.8567771199 1 100 5
P 23.5292228234 3.83250130898 2 100 5
P 9.74991140721 24.6658289503 0 100 1
P 13.432565505 22.4101437218 0 50 4
P 33.9334688818 25.3516539191 0 100 3
P 20.1269880808 2.81105629703 0 100 3
P 13.3758939531 18.8414203374 0 46 3
P 16.5859012761 24.0821101609 0 46 3
P 25.7061541024 13.9099682384 0 34 3
P 26.5812976847 15.338736339 0 34 3
P 11.8581758984 18.601015695 0 82 4
P 16.1104690029 25.5433516328 0 82 4
P 15.1913711623 27.1466499216 0 56 1
P 10.0123274545 18.6912917485 0 56 1
P 28.4910028103 25.369932037 0 50 2
P 17.6378709616 7.65100123432 0 50 2
P 18.0864109483 3.83333118717 0 82 3
P 32.0956524081 26.7049578739 0 82 3
P 23.5539944838 23.4439418383 0 52 3
P 17.1104035234 12.9240712663 0 52 3
P 33.9757780733 14.9362853217 0 96 5
P 29.4244152695 7.50568522373 0 96 5
P 2.64835221548 14.8291908812 0 49 4
P 15.2859122442 35.4613968459 0 49 4
