P 19 19 0 85 2
P 24.8035369869 8.02438981783 1 100 5
P 13.1964630131 29.9756101822 2 100 5
P 29.1512804768 6.07841442558 0 100 5
P 8.8487195232 31.9215855744 0 100 5
P 23.6464235354 15.2871211857 0 6 3
P 14.3535764646 22.7128788143 0 6 3
P 9.35652955713 28.9944277065 0 88 1
P 28.6434704429 9.00557229351 0 88 1
P 21.3426558725 3.48339136261 0 5 3
P 16.6573441275 34.5166086374 0 5 3
P 20.8487996787 28.2606194523 0 96 5
P 17.1512003213 9.73938054773 0 96 5
P 23.6482817502 34.5868904121 0 98 1
P 14.3517182498 3.41310958788 0 98 1
P 3.21183248655 13.9984613964 0 44 4
P 34.7881675134 24.0015386036 0 44 4
P 6.00861012119 14.6294566921 0 63 2
P 31.9913898788 23.3705433079 0 63 2
P 12.2360397987 21.0708152056 0 21 2
P 25.7639602013 16.9291847944 0 21 2
