P 19 19 0 69 5
P 22.2923163955 3.409057394 1 100 5
P 10.9524030371 32.7532913048 2 100 5
P 27.2211494496 22.1770167437 0 38 3
P 34.2441214569 24.8910045862 0 3 1
P 20.9471574357 19.7524679868 0 33 5
P 32.9327624905 27.8983117856 0 135 3
P 35.295849341 21.7833644222 0 135 3
P 9.43470754717 8.97459756 0 16 1
P 5.17872012672 19.9877937318 0 16 1
P 23.1252247639 23.2427169254 0 41 2
P 24.9062760655 18.633899878 0 41 2
P 22.9614911084 17.0813690816 0 74 2
P 20.6418102253 23.0839950523 0 74 2
P 13.0663709471 3.28834174494 0 54 2
P 4.04282461233 26.6385249416 0 54 2
P 30.6954115196 8.11497699227 0 15 3
P 20.3363473709 34.9210725831 0 15 3
P 22.5280575408 30.6514998512 0 42 1
P 29.4464307032 12.7488621551 0 42 1
P 16.8778898133 2.65669083401 0 48 3
P 6.43908293518 29.6691362645 0 48 3
P 6.00943029861 24.6151208808 0 47 5
P 13.1612499583 6.10839491675 0 47 5
P 21.3818480574 32.023736704 0 58 4
P 29.5208655736 10.9624440602 0 58 4
P 5.3624137487 15.8856692846 0 4 4
P 6.81213574945 12.1342313193 0 4 4
