P 19 19 0 76 2
P 22.2680236662 27.261874124 1 100 5
P 10.8742580156 22.5931685081 2 100 5
P 14.4073983468 30.2080373594 0 10 5
P 12.6461758619 34.5062214606 0 40 4
P 11.9329114122 11.3312761942 0 100 1
P 29.4162510978 18.4952436374 0 100 1
P 8.58067183629 17.3168072972 0 44 3
P 27.6045681568 25.1120327136 0 44 3
P 8.22020195206 30.7367624994 0 70 4
P 18.4445891432 34.9263039875 0 70 4
P 16.6830670097 5.94881845139 0 99 2
P 29.8087818919 11.3272070073 0 99 2
P 12.0710553352 30.8101550683 0 9 5
P 15.649468076 32.2764442804 0 9 5
P 25.386025969 27.9960034188 0 88 5
P 8.13763211156 20.9283072999 0 88 5
P 10.5934831766 28.0058011525 0 43 1
P 18.6700148869 31.3152380945 0 43 1
P 6.74490825462 29.0437871859 0 97 5
P 20.6836565297 34.7553240339 0 97 5
P 14.0339929282 4.39650402625 0 75 3
P 32.7854318075 12.0800873724 0 75 3
P 34.1728936851 25.9548154946 0 58 5
P 3.30954834948 13.3082613953 0 58 5
