P 19 19 0 34 1
P 26.1829614346 34.1960970771 1 100 5
P 11.8170385654 3.80390292289 2 100 5
P 9.03617016072 23.7097491621 0 7 5
P 28.9638298393 14.2902508379 0 7 5
P 15.8625189563 31.5026033299 0 100 4
P 22.1374810437 6.49739667013 0 100 4
P 23.3151956482 4.6247825098 0 93 4
P 14.6848043518 33.3752174902 0 93 4
P 15.1711063621 3.07859891646 0 92 4
P 22.8288936379 34.9214010835 0 92 4
P 7.39180580473 23.4320631578 0 13 2
P 30.6081941953 14.5679368422 0 13 2
P 20.0103515466 7.84492950857 0 2 2
P 17.9896484534 30.1550704914 0 2 2
P 11.7150191146 26.6999344642 0 14 1
P 26.2849808854 11.3000655358 0 14 1
P 5.546876119 9.50707095504 0 4 1
P 32.453123881 28.492929045 0 4 1
P 9.48671078073 10.6539438195 0 15 3
P 28.5132892193 27.3460561805 0 15 3
