P 19 19 0 13 0
P 30.0685049732 21.8903214843 1 100 5
P 7.93149502676 16.1096785157 2 100 5
P 35.6993634572 17.389428023 0 100 5
P 2.3006365428 20.610571977 0 100 5
P 33.4000840916 10.7267218403 0 51 4
P 4.59991590837 27.2732781597 0 51 4
P 10.9194137416 5.21281621407 0 65 5
P 27.0805862584 32.7871837859 0 65 5
P 11.9073731067 30.6196098494 0 72 3
P 26.0926268933 7.38039015065 0 72 3
P 31.3074594104 7.49700630044 0 53 1
P 6.69254058964 30.5029936996 0 53 1
P 11.0908829228 29.565832636 0 59 2
P 26.9091170772 8.43416736403 0 59 2
P 26.2603818354 20.5272251268 0 67 5
P 11.7396181646 17.4727748732 0 67 5
P 14.8438113044 2.72550462575 0 54 1
P 23.1561886956 35.2744953742 0 54 1
P 22.9655987963 13.0721871916 0 19 5
P 15.0344012037 24.9278128084 0 19 5
P 16.3283019775 4.53270936312 0 8 5
P 21.6716980225 33.4672906369 0 8 5
P 17.4568225704 7.90552579682 0 60 4
P 20.5431774296 30.0944742032 0 60 4
