P 19 19 0 31 4
P 10.391144365 29.1108799181 1 100 5
P 30.4147546084 25.785695638 2 100 5
P 20.9407444241 30.6867838462 0 32 4
P 19.9949943547 24.9916616571 0 48 2
P 21.5375231055 34.2804685001 0 77 1
P 25.5461710844 32.4829061066 0 100 4
P 17.1630387473 33.8750356739 0 100 4
P 18.7167001666 21.8424457658 0 38 5
P 20.1868097868 21.5983146955 0 38 5
P 25.452574729 30.7729531882 0 49 2
P 16.6989322337 32.2266108486 0 49 2
P 17.8627385253 25.295653287 0 64 5
P 22.111058002 24.5901638688 0 64 5
P 13.739256083 22.2434830429 0 47 1
P 25.0267160631 20.3690516076 0 47 1
P 18.0070976373 3.80890765625 0 57 1
P 15.0296493536 4.30335216987 0 57 1
P 15.336203825 13.9978543578 0 89 4
P 20.8503872911 13.0821515472 0 89 4
P 6.6695969071 21.0909819606 0 37 3
P 31.3444163467 16.9934031166 0 37 3
