P 19 19 0 10 0
P 34.6634199337 20.8497042739 1 100 5
P 33.4190686718 12.6082405741 2 100 5
P 27.7135844367 17.6843647943 0 76 2
P 35.717143859 16.47593391 0 68 1
P 28.4973290445 14.8981516898 0 100 3
P 29.2850006407 20.1149799814 0 100 3
P 29.1033729799 26.6271867749 0 49 4
P 26.4011162653 8.72986846737 0 49 4
P 6.42077429303 13.7303442911 0 96 4
P 8.53735498425 27.7486713249 0 96 4
P 12.4173164128 11.6159471332 0 74 4
P 14.8908453072 27.9983780571 0 74 4
P 17.1724931437 21.3010550494 0 70 4
P 16.5745894731 17.3410788367 0 70 4
P 4.86583247179 27.3795935088 0 99 3
P 3.02188741958 15.1669597634 0 99 3
