P 19 19 0 23 1
P 28.6350793635 31.9581091999 1 100 5
P 8.15994966188 7.03168111034 2 100 5
P 12.5935368925 24.2624131538 0 5 1
P 14.2209632589 28.7565216269 0 100 3
P 8.50108098198 21.7931354929 0 100 3
P 3.09913785453 23.560549328 0 85 4
P 11.4380451783 33.712337218 0 85 4
P 5.64913278303 28.600859179 0 68 2
P 6.98896869023 30.2319757521 0 68 2
P 33.8725474075 21.9548693254 0 58 3
P 18.9899249552 3.8367609789 0 58 3
P 11.1260481027 27.3045594465 0 76 5
P 9.32430452217 25.1111163548 0 76 5
P 23.7952831627 34.9617696843 0 52 4
P 4.2735047546 11.1959517011 0 52 4
P 12.3378232427 14.136067879 0 57 4
P 22.4773942703 26.4799842187 0 57 4
P 7.98510124102 30.0728784433 0 40 3
P 5.99866826948 27.6545944401 0 40 3
P 31.5245695425 12.1181710438 0 52 5
P 28.1832936794 8.050500961 0 52 5
P 23.5253383627 24.309512443 0 54 1
P 14.6704958494 13.5296249225 0 54 1
P 8.60525524613 10.5761922552 0 8 2
P 25.2445486881 30.8328723099 0 8 2
