P 19 19 0 10 0
P 20.8896697243 3.30065636449 1 100 5
P 17.1103302757 34.6993436355 2 100 5
P 2.4014566311 17.0020970558 0 30 2
P 35.5985433689 20.9979029442 0 30 2
P 23.3671617136 3.35333057543 0 100 1
P 14.6328382864 34.6466694246 0 100 1
P 13.3847205534 33.6721752219 0 60 2
P 24.6152794466 4.32782477811 0 60 2
P 5.86542329169 18.1798567296 0 100 5
P 32.1345767083 19.8201432704 0 100 5
P 29.9574293551 9.13813956949 0 7 5
P 8.04257064488 28.8618604305 0 7 5
P 29.1014029596 20.8054842373 0 24 5
P 8.89859704037 17.1945157627 0 24 5
P 28.6645871759 5.96905419556 0 15 5
P 9.33541282415 32.0309458044 0 15 5
P 33.9835454307 26.7628442344 0 30 5
P 4.01645456926 11.2371557656 0 30 5
P 16.0280949825 15.5244684876 0 83 5
P 21.9719050175 22.4755315124 0 83 5
P 3.92734906958 20.6809450904 0 4 2
P 34.0726509304 17.3190549096 0 4 2
P 14.493984576 18.4721876868 0 29 4
P 23.506015424 19.5278123132 0 29 4
P 4.49379545457 12.9289027573 0 100 3
P 33.5062045454 25.0710972427 0 100 3
P 13.0071145949 32.2066402969 0 55 5
P 24.9928854051 5.79335970314 0 55 5
