P 19 19 0 14 4
P 22.9794085847 24.2046140558 1 100 5
P 12.9265635331 21.4570448992 2 100 5
P 21.6009213034 9.48371219634 0 53 2
P 22.7886461206 5.13804776717 0 2 4
P 3.27932089934 23.0076955373 0 100 5
P 30.4968299981 30.4465835471 0 100 5
P 32.7357041552 16.762972216 0 21 1
P 8.31158756542 10.0875535584 0 21 1
P 28.2663486747 21.4931227211 0 11 5
P 9.75373565768 16.4333924385 0 11 5
P 3.87336206733 18.7501752431 0 28 4
P 32.1508746401 26.4787755519 0 28 4
P 11.8795488793 9.43016538685 0 72 1
P 29.9981112489 14.3821966649 0 72 1
P 18.929199229 5.13504611994 0 78 5
P 26.1130981617 7.09849617117 0 78 5
P 7.33069408637 6.817799101 0 31 2
P 35.2433357442 14.4466755937 0 31 2
P 19.3488617557 8.45205344395 0 69 5
P 24.0646436675 9.74093603026 0 69 5
