P 19 19 0 89 5
P 9.67330117536 23.2417676349 1 100 5
P 28.3266988246 14.7582323651 2 100 5
P 15.3452675758 10.9640603778 0 60 5
P 22.6547324242 27.0359396222 0 60 5
P 22.7238505098 7.72230632306 0 100 2
P 15.2761494902 30.2776936769 0 100 2
P 8.03789958903 17.1990387169 0 41 3
P 29.962100411 20.8009612831 0 41 3
P 27.0895741979 21.1139290954 0 39 2
P 10.9104258021 16.8860709046 0 39 2
P 34.8950840522 16.2088043146 0 72 2
P 3.10491594775 21.7911956854 0 72 2
P 26.8852168759 32.9010538198 0 28 5
P 11.1147831241 5.09894618025 0 28 5
