P 19 19 0 100 1
P 28.7629955947 13.9525624482 1 100 5
P 9.23700440528 24.0474375518 2 100 5
P 11.7106720397 4.90063254165 0 53 1
P 26.2893279603 33.0993674583 0 53 1
P 12.26779054 5.97823784312 0 10 2
P 25.73220946 32.0217621569 0 10 2
P 19.8842376681 35.1342025839 0 100 1
P 18.1157623319 2.8657974161 0 100 1
P 32.8222765874 17.1300151341 0 91 4
P 5.17772341263 20.8699848659 0 91 4
P 17.5429421992 32.2194987666 0 45 1
P 20.4570578008 5.78050123343 0 45 1
P 21.9765068138 35.4550946315 0 99 5
P 16.0234931862 2.54490536851 0 99 5
P 8.77694667313 32.4862618108 0 74 5
P 29.2230533269 5.5137381892 0 74 5
P 7.90177570931 26.8777504292 0 45 1
P 30.0982242907 11.1222495708 0 45 1
P 15.3600264259 33.893102566 0 22 5
P 22.6399735741 4.10689743396 0 22 5
P 14.0049523859 23.1678211743 0 67 1
P 23.9950476141 14.8321788257 0 67 1
P 21.5498253997 31.192385549 0 11 2
P 16.4501746003 6.80761445098 0 11 2
