P 19 19 0 47 2
P 13.5213213622 4.11644764107 1 100 5
P 6.33985528354 28.5528417863 2 100 5
P 3.72295061289 14.5103191042 0 57 5
P 14.5796809965 17.7009388213 0 35 5
P 4.95134600687 14.8713248975 0 69 4
P 16.4797225768 18.259330705 0 39 5
P 17.6482505625 28.5576222658 0 104 5
P 23.0342352623 10.2307174885 0 104 5
P 34.4004867773 20.6440472461 0 28 3
P 32.8412592404 25.9496350238 0 28 3
P 32.5530216467 14.0513791278 0 70 3
P 27.7206516028 30.4944978105 0 70 3
P 8.03228900568 21.0173738854 0 49 1
P 10.8676662789 11.3694279312 0 49 1
P 26.8586937392 24.0590360715 0 43 3
P 28.3462776327 18.9972303137 0 43 3
P 19.9227484157 32.8125160631 0 70 2
P 27.2491475761 7.88295772697 0 70 2
P 16.3749453113 33.8453226368 0 51 3
P 24.8242448119 5.09486826097 0 51 3
P 15.1500665087 5.67772881269 0 65 2
P 8.55434022239 28.1210245744 0 65 2
P 17.8704705878 16.1763050484 0 23 2
P 16.5223381298 20.7635990275 0 23 2
P 16.6761292337 7.35700937124 0 17 3
P 10.746311891 27.5344149605 0 17 3
P 27.3144865977 18.7158773483 0 23 3
P 25.8387373762 23.7374132356 0 23 3
