P 19 19 0 84 2
P 28.5466136023 13.5312181694 1 100 5
P 19.5450798083 29.9885528612 2 100 5
P 10.529215747 14.366804398 0 78 4
P 8.83547310454 23.5106119794 0 100 2
P 17.3147909631 8.00803484636 0 100 2
P 22.8246087144 23.5394901295 0 12 5
P 24.885513796 19.7715761858 0 12 5
P 28.5293312383 28.1977815889 0 89 5
P 31.8852836328 22.0621570353 0 89 5
P 26.6477277546 4.17750450036 0 71 4
P 10.6447245168 33.4354939038 0 71 4
P 26.0603208878 24.751181801 0 71 4
P 27.6512788002 21.8424634154 0 71 4
P 24.956779048 32.8320879846 0 2 5
P 33.8602531808 16.5540339244 0 2 5
P 28.1398384384 7.01634559413 0 40 1
P 13.8399986437 33.1604733538 0 40 1
P 12.193043562 22.217740076 0 56 5
P 18.0374017314 11.5326101134 0 56 5
P 6.56465208085 24.12189867 0 88 2
P 16.6045168878 5.76620294416 0 88 2
