P 19 19 0 69 1
P 6.7092315717 21.3495540707 1 100 5
P 31.2907684283 16.6504459293 2 100 5
P 16.2805266572 4.77414432825 0 20 2
P 21.7194733428 33.2258556718 0 20 2
P 7.70950231627 24.2798642522 0 100 2
P 30.2904976837 13.7201357478 0 100 2
P 5.6097911679 20.6892978918 0 6 4
P 32.3902088321 17.3107021082 0 6 4
P 18.7826697201 32.0904410154 0 23 2
P 19.2173302799 5.90955898458 0 23 2
P 27.7873989346 27.7750109061 0 16 1
P 10.2126010654 10.2249890939 0 16 1
P 32.8975151571 26.429956264 0 43 4
P 5.10248484289 11.570043736 0 43 4
P 13.8360170102 27.4334797932 0 73 3
P 24.1639829898 10.5665202068 0 73 3
P 9.91326523496 28.8146841926 0 45 4
P 28.086734765 9.18531580739 0 45 4
P 28.5277621088 20.972744738 0 3 5
P 9.47223789124 17.027255262 0 3 5
P 19.9753340626 25.7558334835 0 24 1
P 18.0246659374 12.2441665165 0 24 1
P 16.0406995117 32.693149366 0 55 2
P 21.9593004883 5.30685063398 0 55 2
