P 19 19 0 2 1
P 15.4131165303 34.9492760899 1 100 5
P 7.91113706357 31.0117550589 2 100 5
P 24.0248908118 9.42630441958 0 9 1
P 25.5204906219 6.57680622585 0 66 5
P 25.3058547763 29.0262956343 0 100 1
P 7.16636779559 19.5055269098 0 100 1
P 32.622919064 11.5882683259 0 87 1
P 17.3616108103 3.57815279887 0 87 1
P 11.6262855914 4.36853308718 0 95 5
P 35.2302920791 16.7574328935 0 95 5
P 21.0060524642 3.70409517976 0 8 1
P 30.4491009099 8.66041397763 0 8 1
P 10.8215208693 17.6665852444 0 44 2
P 24.7430616761 24.9735046987 0 44 2
P 12.3291578948 17.1009601583 0 24 4
P 24.3521848226 23.4114174976 0 24 4
P 4.37744787417 12.2665592471 0 97 2
P 32.8477632317 27.2096107414 0 97 2
