P 19 19 0 17 2
P 6.55074494336 17.1340059169 1 100 5
P 31.4492550566 20.8659940831 2 100 5
P 17.9413557506 26.0629014284 0 100 5
P 20.0586442494 11.9370985716 0 100 5
P 25.33534201 19.1383353756 0 100 2
P 12.66465799 18.8616646244 0 100 2
P 23.9226391736 31.3104431692 0 66 4
P 14.0773608264 6.68955683078 0 66 4
P 24.3304897066 9.64156715639 0 53 5
P 13.6695102934 28.3584328436 0 53 5
P 9.67254068373 30.2442370627 0 13 1
P 28.3274593163 7.75576293731 0 13 1
P 19.9247080881 32.3358306697 0 36 2
P 18.0752919119 5.66416933035 0 36 2
