P 19 19 0 7 3
P 10.3309904006 18.7325449057 1 100 5
P 27.6690095994 19.2674550943 2 100 5
P 18.7047658314 28.5694114489 0 42 3
P 19.2952341686 9.43058855108 0 42 3
P 18.5793414679 32.6347855415 0 52 1
P 19.4206585321 5.36521445854 0 52 1
P 18.9765550349 31.0815575628 0 100 4
P 19.0234449651 6.91844243719 0 100 4
P 7.71240448623 31.1134940873 0 24 4
P 30.2875955138 6.88650591273 0 24 4
P 12.9043773544 14.5209459459 0 12 5
P 25.0956226456 23.4790540541 0 12 5
P 35.4834868702 14.9797786245 0 50 3
P 2.51651312978 23.0202213755 0 50 3
P 19.5735286434 2.46566927422 0 54 3
P 18.4264713566 35.5343307258 0 54 3
P 18.465681432 29.7534946948 0 44 4
P 19.534318568 8.24650530522 0 44 4
P 24.8222562612 8.6114950871 0 89 2
P 13.1777437388 29.3885049129 0 89 2
P 26.9012521984 10.0413514715 0 71 3
P 11.0987478016 27.9586485285 0 71 3
P 33.7163855559 13.4076221636 0 23 5
P 4.28361444409 24.5923778364 0 23 5
P 13.7619196528 18.4825587303 0 18 3
P 24.2380803472 19.5174412697 0 18 3
