P 19 19 0 39 4
P 34.7680156565 13.366697808 1 100 5
P 3.23198434345 24.633302192 2 100 5
P 14.5922016944 6.66225735362 0 24 4
P 23.4077983056 31.3377426464 0 24 4
P 13.5114155807 3.63705973754 0 47 3
P 24.4885844193 34.3629402625 0 47 3
P 11.0006758312 24.8028030942 0 100 1
P 26.9993241688 13.1971969058 0 100 1
P 9.25272567599 15.9485341743 0 51 1
P 28.747274324 22.0514658257 0 51 1
P 4.130442253 21.5146592386 0 80 1
P 33.869557747 16.4853407614 0 80 1
P 29.1777693418 12.9458093891 0 49 5
P 8.82223065823 25.0541906109 0 49 5
P 6.78488199825 25.8017187328 0 76 2
P 31.2151180017 12.1982812672 0 76 2
P 29.4683468154 11.5466883722 0 33 5
P 8.53165318458 26.4533116278 0 33 5
P 26.4013899053 11.5275234535 0 6 3
P 11.5986100947 26.4724765465 0 6 3
