P 19 19 0 30 0
P 7.51746084981 8.71358020777 1 100 5
P 26.8065862141 5.70652983004 2 100 5
P 17.0768907416 6.66395939039 0 97 3
P 17.4901952844 9.31515645709 0 91 4
P 16.6425729525 3.87797005577 0 83 2
P 4.15773467528 18.1848153566 0 100 1
P 32.8898308316 13.7056666669 0 100 1
P 27.3888707316 27.1634086142 0 11 1
P 13.4940577707 29.32952044 0 11 1
P 13.3778992957 19.550164075 0 68 3
P 24.5227828826 17.8127485226 0 68 3
P 10.433515276 16.510109708 0 26 5
P 26.4020879627 14.0207121006 0 26 5
P 24.6084769056 31.5310095442 0 75 4
P 17.4719675812 32.6435453722 0 75 4
P 32.6355119724 9.9728138116 0 23 4
P 3.26374392938 14.5516832274 0 23 4
P 24.2504302968 29.2936947431 0 1 2
P 17.1320086801 30.4034108141 0 1 2
P 30.0723067911 15.656472207 0 88 2
P 7.4353654122 19.1854255337 0 88 2
P 10.3827319588 22.8288859868 0 49 1
P 28.3738312464 20.0241895121 0 49 1
P 18.9716450747 35.6573846703 0 95 3
P 24.0973439987 34.8583212293 0 95 3
