P 19 19 0 74 2
P 25.1249230391 34.4315823349 1 100 5
P 12.8750769609 3.56841766509 2 100 5
P 29.5035599812 26.8478605318 0 139 2
P 8.49644001876 11.1521394682 0 139 2
P 29.6061383242 15.1507024662 0 27 3
P 8.39386167579 22.8492975338 0 27 3
P 16.8398260072 10.1950885243 0 8 5
P 21.1601739928 27.8049114757 0 8 5
P 27.1373082374 7.06626458427 0 27 4
P 10.8626917626 30.9337354157 0 27 4
P 28.1944775534 24.4995278757 0 89 4
P 9.80552244657 13.5004721243 0 89 4
P 23.83234214 3.8605719419 0 45 1
P 14.16765786 34.1394280581 0 45 1
P 3.99599489266 20.3410951973 0 24 4
P 34.0040051073 17.6589048027 0 24 4
P 5.7449252925 10.3354809551 0 80 5
P 32.2550747075 27.6645190449 0 80 5
P 15.6570669119 32.7889521871 0 88 1
P 22.3429330881 5.21104781287 0 88 1
P 20.9400973411 30.5253465308 0 38 3
P 17.0599026589 7.4746534692 0 38 3
P 28.3759312105 21.7637273905 0 90 5
P 9.62406878951 16.2362726095 0 90 5
P 9.12581823909 31.7937215111 0 12 3
P 28.8741817609 6.20627848889 0 12 3
P 9.17540194776 7.49062052772 0 28 5
P 28.8245980522 30.5093794723 0 28 5
