P 19 19 0 80 3
P 34.3000996696 14.3955019081 1 100 5
P 3.69990033036 23.6044980919 2 100 5
P 15.7649479678 8.25037701377 0 84 4
P 22.2350520322 29.7496229862 0 84 4
P 4.76399757577 20.9615458681 0 100 2
P 33.2360024242 17.0384541319 0 100 2
P 20.5435487773 30.997776407 0 30 4
P 17.4564512227 7.002223593 0 30 4
P 32.5019628297 20.3348051883 0 9 3
P 5.49803717034 17.6651948117 0 9 3
P 4.60356870914 12.468921423 0 69 3
P 33.3964312909 25.531078577 0 69 3
P 24.6946418117 9.78929768498 0 6 5
P 13.3053581883 28.210702315 0 6 5
P 18.8483412716 11.213103308 0 11 2
P 19.1516587284 26.786896692 0 11 2
P 30.7551299783 24.9598477953 0 67 3
P 7.24487002174 13.0401522047 0 67 3
P 6.80598823723 23.2512186118 0 11 2
P 31.1940117628 14.7487813882 0 11 2
P 31.1456538614 9.28130606271 0 18 5
P 6.85434613858 28.7186939373 0 18 5
P 10.3423273498 9.37443756337 0 30 2
P 27.6576726502 28.6255624366 0 30 2
