P 19 19 0 44 1
P 26.433294387 28.6621421313 1 100 5
P 11.566705613 9.3378578687 2 100 5
P 9.56364708333 26.2595898732 0 31 5
P 28.4363529167 11.7404101268 0 31 5
P 14.0953973616 22.7732166188 0 52 5
P 23.9046026384 15.2267833812 0 52 5
P 27.2593000074 18.3478516005 0 100 5
P 10.7406999926 19.6521483995 0 100 5
P 14.2446615736 7.71827765088 0 54 2
P 23.7553384264 30.2817223491 0 54 2
P 11.4118620291 27.6899544447 0 24 5
P 26.5881379709 10.3100455553 0 24 5
P 15.2490362525 17.1944212978 0 11 1
P 22.7509637475 20.8055787022 0 11 1
P 12.4325249126 12.9830592416 0 76 1
P 25.5674750874 25.0169407584 0 76 1
P 23.7253344475 11.1945154143 0 91 5
P 14.2746655525 26.8054845857 0 91 5
P 16.4085032062 15.7335189367 0 56 3
P 21.5914967938 22.2664810633 0 56 3
P 32.5190072186 10.3898835195 0 77 2
P 5.48099278139 27.6101164805 0 77 2
P 30.6496528092 9.53626576991 0 98 2
P 7.35034719083 28.4637342301 0 98 2
P 8.77054778273 10.9376841699 0 59 2
P 29.2294522173 27.0623158301 0 59 2
