P 19 19 0 24 0
P 9.40459155738 20.8868281918 1 100 5
P 11.8696973442 12.3074094819 2 100 5
P 28.5417209901 21.7416020157 0 59 1
P 34.1908271176 23.3647474381 0 71 3
P 30.7156272601 22.3662257936 0 36 1
P 23.9858481673 20.4325729499 0 56 3
P 29.74143245 22.0863125098 0 18 1
P 18.2745109768 3.67024114693 0 100 2
P 10.2476433826 31.6065100031 0 100 2
P 12.9091774557 15.2181823162 0 53 5
P 11.8306576869 18.9718032493 0 53 5
P 11.7707118873 5.60566701568 0 51 4
P 5.76320663752 26.5138581428 0 51 4
P 4.69673822058 15.760120193 0 86 4
P 5.15847969015 14.1531005574 0 86 4
P 21.7939810801 5.05765972234 0 92 4
P 13.9668000666 32.2989503768 0 92 4
P 6.53600368158 27.8791517389 0 22 2
P 13.1503808828 4.85883682255 0 22 2
P 8.13291945998 25.0604730439 0 63 1
P 13.0074868893 8.09529644616 0 63 1
P 23.3964489361 4.40802191448 0 1 3
P 14.9800068798 33.7001443194 0 1 3
P 17.9330261595 21.1615653747 0 24 3
P 19.2431912064 16.6017389462 0 24 3
P 29.1079643091 18.8698221631 0 13 5
P 27.4971677156 24.4759501054 0 13 5
