P 19 19 0 75 4
P 25.0905389768 20.8548887941 1 100 5
P 12.9094610232 17.1451112059 2 100 5
P 18.3553718653 26.1164497538 0 100 3
P 19.6446281347 11.8835502462 0 100 3
P 15.8787776249 23.1952225799 0 98 2
P 22.1212223751 14.8047774201 0 98 2
P 4.8288639329 22.5651623312 0 77 2
P 33.1711360671 15.4348376688 0 77 2
P 31.5957979277 23.7321616119 0 38 2
P 6.40420207233 14.2678383881 0 38 2
P 23.9493823009 26.7695573615 0 67 1
P 14.0506176991 11.2304426385 0 67 1
P 18.9549817217 35.7536919363 0 46 4
P 19.0450182783 2.2463080637 0 46 4
