P 19 19 0 62 5
P 22.4712823699 21.7052141141 1 100 5
P 15.5287176301 16.2947858859 2 100 5
P 8.57559204174 32.3764138572 0 90 4
P 29.4244079583 5.62358614281 0 90 4
P 24.1313619314 23.2239277105 0 100 4
P 13.8686380686 14.7760722895 0 100 4
P 15.6077013464 5.40302490318 0 78 5
P 22.3922986536 32.5969750968 0 78 5
P 31.3073796694 24.9166787505 0 68 1
P 6.69262033058 13.0833212495 0 68 1
P 13.670660126 26.1911314089 0 59 5
P 24.329339874 11.8088685911 0 59 5
P 12.177123423 21.410928995 0 13 2
P 25.822876577 16.589071005 0 13 2
P 7.76301387864 17.1730400521 0 26 1
P 30.2369861214 20.8269599479 0 26 1
P 23.0362959709 12.5788822083 0 63 2
P 14.9637040291 25.4211177917 0 63 2
P 23.6154335169 26.0244931974 0 61 3
P 14.3845664831 11.9755068026 0 61 3
P 13.4672739357 29.699669655 0 98 3
P 24.5327260643 8.30033034504 0 98 3
P 26.761717629 29.4888239757 0 78 2
P 11.238282371 8.51117602431 0 78 2
P 32.1966513925 26.5735160615 0 32 1
P 5.8033486075 11.4264839385 0 32 1
P 33.3919921122 22.7197044207 0 13 5
P 4.60800788776 15.2802955793 0 13 5
