P 19 19 0 56 0
P 13.1283570749 27.419070684 1 100 5
P 27.4925901058 13.2352055442 2 100 5
P 12.5803940254 12.4987596628 0 23 2
P 26.2956118163 13.2262968995 0 102 1
P 13.1345736398 26.2220753859 0 102 1
P 32.1376638038 23.9862931373 0 98 1
P 23.8198932517 32.1996196352 0 98 1
P 14.4865108715 30.3765226743 0 24 3
P 30.4326449548 14.630619997 0 24 3
P 18.4373548817 26.5188721502 0 88 1
P 26.5253812436 18.5324050052 0 88 1
P 2.26319098409 19.7760711724 0 85 1
P 19.9874882747 2.27433321487 0 85 1
P 21.5278808342 34.1575171303 0 65 1
P 34.1243658706 21.719202839 0 65 1
P 10.775808743 12.23868595 0 78 2
P 12.3431430316 10.6910322653 0 78 2
P 6.81550086578 11.9276424983 0 56 4
P 12.0821651433 6.72711033707 0 56 4
P 17.5662142246 21.1803694969 0 85 1
P 21.1983121287 17.5938788895 0 85 1
P 13.8780163736 20.1922917245 0 23 3
P 20.2569157044 13.8934905525 0 23 3
