P 19 19 0 42 1
P 33.6426179368 14.2947160548 1 100 5
P 4.35738206317 23.7052839452 2 100 5
P 14.1219269768 3.81967074057 0 40 2
P 23.8780730232 34.1803292594 0 40 2
P 24.4851673611 12.6630454333 0 101 2
P 13.5148326389 25.3369545667 0 101 2
P 31.0241747021 18.798280779 0 10 3
P 6.97582529786 19.201719221 0 10 3
P 22.0332606862 7.04848547407 0 50 2
P 15.9667393138 30.9515145259 0 50 2
P 21.762830693 28.554178648 0 79 1
P 16.237169307 9.44582135196 0 79 1
P 35.611598281 15.9422411483 0 28 1
P 2.38840171899 22.0577588517 0 28 1
P 33.9786578122 19.4029470339 0 39 4
P 4.02134218781 18.5970529661 0 39 4
P 26.6152510522 13.1946504491 0 90 4
P 11.3847489478 24.8053495509 0 90 4
P 19.747734241 28.3551148171 0 23 5
P 18.252265759 9.64488518295 0 23 5
P 11.7116981616 22.1937553112 0 73 2
P 26.2883018384 15.8062446888 0 73 2
