P 19 19 0 100 1
P 30.7475208055 8.34337217511 1 100 5
P 19.5535389105 3.14876798645 2 100 5
P 29.4966482921 13.8264764413 0 100 3
P 16.1739217191 7.64402126938 0 100 3
P 9.53466585466 6.35439324053 0 23 3
P 34.7679351216 18.0639750013 0 23 3
P 12.0949188462 17.128720454 0 43 2
P 24.8870916773 23.0649704135 0 43 2
P 23.4838015328 30.1446835851 0 15 3
P 7.59444498803 22.7711753164 0 15 3
P 3.66058408837 18.5025813433 0 34 4
P 29.283331162 30.3929015638 0 34 4
P 32.7070085761 9.42601394189 0 89 2
P 17.4616827148 2.35137023427 0 89 2
P 8.94776537778 28.2664065895 0 26 1
P 18.4135975886 32.659057222 0 26 1
P 11.2193487068 32.0274546249 0 54 1
P 14.074862793 33.3525653471 0 54 1
P 26.729292981 10.80528906 0 66 4
P 20.2677386512 7.80678347894 0 66 4
P 9.65839351353 31.0734322304 0 51 3
P 15.8111963025 33.9286606415 0 51 3
P 5.2713559133 27.2062932067 0 69 4
P 21.5967333428 34.7821384039 0 69 4
P 16.9168552763 3.46334324058 0 25 4
P 32.2095959695 10.5599899572 0 25 4
P 21.9942548107 4.11331539674 0 67 2
P 28.4351563724 7.10223699278 0 67 2
