P 19 19 0 8 1
P 17.4108627786 29.9907026487 1 100 5
P 8.21236265546 16.3641353707 2 100 5
P 5.55018844347 28.0791826536 0 89 5
P 9.52173720962 25.3982219194 0 71 5
P 8.62285722865 26.0050033228 0 70 5
P 15.7080831892 21.2221808744 0 38 4
P 11.8320512934 23.8386637452 0 58 1
P 31.6684682823 23.3756152235 0 100 5
P 19.6788853787 5.61436546721 0 100 5
P 21.2298043681 5.22656632932 0 73 4
P 32.6080665226 22.0822115627 0 73 4
P 31.0123690407 28.2251723998 0 69 3
P 14.9357911553 4.40948862298 0 69 3
P 9.3209144386 17.9998927837 0 17 1
P 16.3082840622 28.3509131671 0 17 1
P 16.9776523217 12.0766006063 0 75 5
P 24.6649517165 23.4644900434 0 75 5
P 6.03582422809 12.6070883868 0 31 1
P 20.0814993315 33.4142128309 0 31 1
