P 19 19 0 79 0
P 13.3905301928 34.5005189522 1 100 5
P 15.3909453796 2.91562982107 2 100 5
P 31.1342355355 19.7685165189 0 94 2
P 34.7222411038 19.9957612877 0 26 1
P 9.00581843362 5.69171221109 0 156 2
P 7.40666252336 30.9410516793 0 156 2
P 20.9119594522 23.4026401902 0 38 3
P 21.4521325092 14.8737576721 0 38 3
P 14.527147258 8.017865124 0 59 5
P 13.1773478257 29.3300735594 0 59 5
P 15.893715149 4.37965450856 0 6 5
P 14.073988416 33.1116234976 0 6 5
P 9.51591569516 24.0582770099 0 58 3
P 10.2298657794 12.7856000159 0 58 3
P 10.716252614 16.9807707312 0 26 4
P 10.5276916165 19.9579917798 0 26 4
P 3.08645316556 21.9785138051 0 80 3
P 3.58938847609 14.037584278 0 80 3
P 31.9780340739 22.5580087156 0 41 1
P 32.3232225731 17.1077699107 0 41 1
P 6.06401627184 30.0031432495 0 19 1
P 7.55557118048 6.452733948 0 19 1
P 24.96145035 33.4568665364 0 60 5
P 26.73773793 5.41076558253 0 60 5
P 31.8003437247 11.9739898914 0 13 2
P 30.8116399107 27.584799365 0 13 2
P 35.5059247928 22.3545093149 0 2 4
P 35.7972496384 17.7547327225 0 2 4
