P 19 19 0 79 2
P 22.5817022192 34.109645932 1 100 5
P 3.60064244026 20.9974427964 2 100 5
P 4.35841207115 21.8898253658 0 100 5
P 21.4788959069 33.716734108 0 100 5
P 10.25670854 32.8493561592 0 11 2
P 9.14121820497 32.0787703206 0 11 2
P 23.4408252737 21.886202903 0 93 2
P 14.7289654504 15.8680101876 0 93 2
P 27.1649635173 30.4930791304 0 65 3
P 5.36112432262 15.43088703 0 65 3
P 8.91359941828 12.8807597754 0 26 3
P 28.2928215152 26.2680152661 0 26 3
P 12.8345801168 5.56515145233 0 80 3
P 33.7473341148 20.0117778126 0 80 3
P 24.407822206 31.8953622411 0 18 3
P 5.02535373986 18.5058641436 0 18 3
P 34.0099450478 13.2425720339 0 28 2
P 19.072759243 2.92389558337 0 28 2
P 34.145932007 18.6276315557 0 27 5
P 13.988082621 4.70249676318 0 27 5
P 18.8405047501 16.404116175 0 39 1
P 21.4843298127 18.2304826519 0 39 1
