P 19 19 0 4 4
P 27.9205486488 14.0026815282 1 100 5
P 25.4967889352 26.8956388998 2 100 5
P 30.7373897209 21.2065234166 0 26 5
P 24.3731245186 20.0100989532 0 55 4
P 18.0700517594 2.52619961052 0 100 3
P 12.1511088658 34.0114487387 0 100 3
P 6.89215740136 21.7413184455 0 9 5
P 8.71424700369 12.0488875342 0 9 5
P 23.7197093411 27.5773497202 0 15 3
P 26.5123497113 12.7221670697 0 15 3
P 29.2712811597 12.2123922367 0 88 5
P 26.1051687403 29.0542236389 0 88 5
P 13.8169994226 5.52681517136 0 93 5
P 9.27807411808 29.671193071 0 93 5
P 23.7998144405 17.4527877334 0 92 1
P 22.9102708154 22.1846297448 0 92 1
P 28.4753213133 8.41409838057 0 9 5
P 23.9842047766 32.3041621244 0 9 5
P 9.5801418914 18.6261788418 0 19 4
P 10.0874696546 15.9274974553 0 19 4
