P 19 19 0 36 4
P 12.2996636764 9.05644145769 1 100 5
P 25.9855202035 9.25467441178 2 100 5
P 4.37689109941 17.7255267533 0 100 1
P 33.6538868012 18.149589751 0 100 1
P 23.8792432173 19.7782017076 0 62 3
P 14.100264679 19.6365579749 0 62 3
P 27.516269013 24.7451747762 0 51 2
P 10.320906486 24.4961083401 0 51 2
P 21.2630932648 13.9471779782 0 95 3
P 16.8842007547 13.8837518567 0 95 3
P 23.4978627475 25.6869608677 0 61 5
P 14.3103500718 25.5538842294 0 61 5
P 5.69257646852 14.4699285812 0 8 2
P 32.4330451003 14.8572512219 0 8 2
P 23.2360344158 27.5429496252 0 42 2
P 14.5183136575 27.4166776936 0 42 2
P 22.0496517706 32.8666125368 0 57 1
P 15.550009628 32.7724683917 0 57 1
P 16.3880031395 12.4094551394 0 11 4
P 21.8017826968 12.4878710947 0 11 4
P 20.6775034296 12.9390265764 0 52 2
P 17.498743963 12.8929837965 0 52 2
P 26.2166240911 24.7936196873 0 59 5
P 11.618603081 24.5821744757 0 59 5
P 8.50439048723 11.8349400724 0 74 4
P 29.6987277118 12.1419297058 0 74 4
P 14.8811237023 11.7952900901 0 9 4
P 23.325818007 11.9176073667 0 9 4
