P 19 19 0 67 5
P 31.8172323247 9.37149348119 1 100 5
P 22.8008240001 34.573802335 2 100 5
P 30.7190938788 23.1926371199 0 69 5
P 32.831376054 23.9483297311 0 38 3
P 26.1322548683 21.5516440792 0 98 5
P 23.3836390007 2.83492792509 0 100 4
P 12.1347914708 34.277262776 0 100 4
P 10.4883036878 6.80821761872 0 36 3
P 4.68630263026 23.025742087 0 36 3
P 30.6939054389 14.5449727714 0 32 3
P 25.2141291685 29.8618272265 0 32 3
P 7.54444948492 10.7810609164 0 22 4
P 4.93062784424 18.0871120517 0 22 4
P 20.0654157616 3.07726204728 0 15 3
P 9.72332442225 31.9850677658 0 15 3
P 12.2347595239 26.6015840105 0 37 3
P 18.5919896519 8.83210514786 0 37 3
P 22.3354998592 3.80233289246 0 52 5
P 11.9381726603 32.8645317067 0 52 5
P 4.26198989866 14.5706079943 0 61 2
P 4.79691989613 13.0753927683 0 61 2
P 26.8859757606 30.3191690113 0 57 4
P 32.2764506948 15.251926128 0 57 4
P 12.8922696095 10.7803646833 0 50 5
P 9.06437483768 21.4799451398 0 50 5
P 27.3625713593 26.8432686497 0 68 2
P 30.4400121862 18.2413274548 0 68 2
