P 19 19 0 26 4
P 6.30212694437 17.9878497908 1 100 5
P 8.66387268886 11.5552098491 2 100 5
P 32.0596766774 23.794864332 0 27 1
P 31.0569202291 23.4267019918 0 54 2
P 35.6171469737 20.5906182763 0 100 1
P 32.6985964591 28.5398163031 0 100 1
P 26.8753020083 28.1305260969 0 44 5
P 30.9124736768 17.1345618671 0 44 5
P 18.4943088382 7.71978855462 0 64 5
P 11.3153017597 27.2731074428 0 64 5
P 22.7506485345 18.8711749396 0 29 2
P 21.7762328474 21.5251715789 0 29 2
P 20.4404757454 6.06029257721 0 36 3
P 11.7252913768 29.7976670169 0 36 3
P 34.1529422525 14.5060262212 0 61 2
P 27.6450593829 32.231417441 0 61 2
