P 19 19 0 27 4
P 31.2490194564 27.4412461448 1 100 5
P 21.6597835129 33.6362107727 2 100 5
P 11.2291703128 6.97146976258 0 23 4
P 10.1150139375 5.24685808159 0 27 1
P 4.19377020804 21.9088395212 0 100 2
P 27.7381765639 6.69837171956 0 100 2
P 9.52158397987 29.8523612146 0 97 1
P 32.7893699763 14.8205993445 0 97 1
P 11.2933578439 17.3554701373 0 29 3
P 20.6688539322 11.2985885485 0 29 3
P 25.2478158104 30.974747619 0 42 5
P 27.3478746552 29.6180399171 0 42 5
P 31.2394499365 28.7293662082 0 57 1
P 22.8379693889 34.157001436 0 57 1
P 16.1231535316 34.3814631656 0 100 5
P 34.204364041 22.7004011711 0 100 5
P 20.4345548517 25.2716870348 0 46 1
P 24.1275688634 22.8858774346 0 46 1
P 28.8538758413 16.0118354052 0 48 4
P 12.2253006249 26.7544467964 0 48 4
P 17.0506085051 22.9320669767 0 78 3
P 23.3858244103 18.8393072747 0 78 3
