P 19 19 0 95 4
P 23.033149649 13.7770347683 1 100 5
P 14.966850351 24.2229652317 2 100 5
P 10.4348174625 12.3860055711 0 94 4
P 27.5651825375 25.6139944289 0 94 4
P 3.56470906662 12.885014146 0 100 3
P 34.4352909334 25.114985854 0 100 3
P 31.6635031787 20.337941162 0 33 5
P 6.33649682128 17.662058838 0 33 5
P 11.9829712381 4.67761461612 0 65 1
P 26.0170287619 33.3223853839 0 65 1
P 6.21795746008 22.4386354292 0 67 2
P 31.7820425399 15.5613645708 0 67 2
P 13.5136394184 10.0540877471 0 76 2
P 24.4863605816 27.9459122529 0 76 2
P 26.737384489 18.5632081229 0 36 4
P 11.262615511 19.4367918771 0 36 4
P 12.4287761547 18.6191914056 0 100 4
P 25.5712238453 19.3808085944 0 100 4
P 15.313257112 29.3875038226 0 68 4
P 22.686742888 8.61249617739 0 68 4
P 21.1147927748 29.1116213739 0 98 5
P 16.8852072252 8.88837862609 0 98 5
P 14.9433813321 20.0903869953 0 25 2
P 23.0566186679 17.9096130047 0 25 2
P 17.3549329474 27.4430071711 0 52 3
P 20.6450670526 10.5569928289 0 52 3
