P 19 19 0 24 1
P 34.3785560811 19.4107116269 1 100 5
P 25.2871314394 33.0406783826 2 100 5
P 11.0179948453 13.6758638774 0 47 1
P 26.0732024975 33.9194939153 0 100 5
P 35.4919171246 19.7988503079 0 100 5
P 5.04150694565 13.0066573781 0 58 4
P 8.10417043471 8.41507759992 0 58 4
P 30.1612974324 28.9712030255 0 61 1
P 32.4938523641 25.4742102629 0 61 1
P 15.2585131786 27.6064251797 0 76 3
P 25.5086422752 12.2393155863 0 76 3
P 11.3467619213 16.6447580172 0 41 3
P 13.8853681102 12.8388508768 0 41 3
P 31.2338339173 29.4982773639 0 62 1
P 33.3925141955 26.2619594503 0 62 1
P 13.587388587 21.5977840724 0 74 5
P 19.3190917416 13.0047498088 0 74 5
P 6.94903081641 24.0730615399 0 32 5
P 19.0541860911 5.92487569776 0 32 5
