P 19 19 0 11 2
P 27.2699480206 13.3422123161 1 100 5
P 12.8356971258 26.89961846 2 100 5
P 15.2824780035 15.042041919 0 71 2
P 9.42355992834 8.80418988666 0 6 5
P 7.60663053077 6.86974796583 0 51 4
P 10.6410293517 10.1004008968 0 59 3
P 2.92963060207 22.2216208526 0 100 5
P 23.2211331471 3.16277649148 0 100 5
P 32.2539648992 17.6286257845 0 5 3
P 16.8017618634 32.1421460151 0 5 3
P 7.49805433324 19.8938257095 0 89 2
P 20.6119687546 7.57654889036 0 89 2
P 4.06484592802 22.1635860773 0 89 2
P 23.0921601422 4.292133758 0 89 2
