P 19 19 0 25 0
P 25.6210722689 4.76380015637 1 100 5
P 4.85806108776 12.1799158524 2 100 5
P 22.9165020746 29.9650900418 0 38 1
P 12.9614013956 3.70476626303 0 101 1
P 13.9821020391 3.3401932251 0 101 1
P 9.74334305653 23.96954709 0 25 5
P 29.3103898956 16.9806049793 0 25 5
P 25.7117151783 14.6238458086 0 55 5
P 11.0346038632 19.8662046672 0 55 5
P 15.8484442067 25.4322109849 0 52 4
P 25.5134300222 21.980079096 0 52 4
P 10.8755227197 5.52538769059 0 46 3
P 16.749402928 3.42735986459 0 46 3
P 3.56297944242 24.2726684013 0 52 2
P 34.2842664848 13.2996637128 0 52 2
P 22.6310021952 6.91421396355 0 80 1
P 8.53388295929 11.949411716 0 80 1
P 4.56828372832 17.909423809 0 54 2
P 29.4751156184 9.01322155267 0 54 2
P 12.4004576081 15.1629753987 0 9 3
P 21.6752780635 11.8502024605 0 9 3
P 32.7873670437 28.7315217637 0 29 1
P 14.4977600701 35.2641889268 0 29 1
P 33.3924930966 22.4639025829 0 24 5
P 10.0588149862 30.7982070328 0 24 5
P 17.75678038 28.6486636998 0 22 5
P 26.0746543203 25.6776921511 0 22 5
