P 19 19 0 88 3
P 26.1922742356 31.7630180388 1 100 5
P 13.525635121 5.41122642359 2 100 5
P 9.70631759187 23.4672378573 0 45 5
P 4.89611419033 25.7793808586 0 65 3
P 6.93386216922 24.7998869922 0 62 1
P 5.05466874183 21.3188359755 0 100 2
P 8.47847838503 28.4417608044 0 100 2
P 31.588043075 29.1758506531 0 82 1
P 18.9163732015 2.81359300122 0 82 1
P 25.6971436104 5.71664464474 0 96 2
P 33.5564787269 22.0672771487 0 96 2
P 8.00848370841 20.6707768213 0 92 4
P 10.8296071615 26.5398677999 0 92 4
P 13.6285484151 25.4678798087 0 40 3
P 10.5939276832 19.1546271428 0 40 3
P 19.9216572583 32.8040299633 0 46 5
P 8.79586183104 9.65782361766 0 46 5
P 20.7338555114 6.1260403626 0 57 5
P 30.1365459947 25.687483457 0 57 5
