P 19 19 0 89 0
P 26.6914090237 14.8794586774 1 100 5
P 11.2097237434 22.9304235657 2 100 5
P 24.7674969394 30.0906672318 0 90 1
P 26.1362123919 32.7226526109 0 46 5
P 25.9668473807 12.5778627558 0 100 1
P 9.74157163485 21.015518151 0 100 1
P 9.68602817643 24.8995168998 0 78 4
P 29.178450898 14.7628419786 0 78 4
P 9.28346396361 26.4855560176 0 12 5
P 30.708070087 15.3440847552 0 12 5
P 26.5670325614 16.6721650242 0 45 3
P 12.7487809037 23.8580919372 0 45 3
P 22.0043948647 8.20476258646 0 3 5
P 8.43695730425 15.2602582541 0 3 5
P 8.61417400621 7.19057464082 0 38 3
P 15.296230833 3.71569423085 0 38 3
