P 19 19 0 25 0
P 10.8474148112 21.9654613173 1 100 5
P 11.7508506833 14.2346626279 2 100 5
P 16.6466731005 18.7249857324 0 60 1
P 6.05157326722 17.4868221683 0 47 4
P 3.44099707875 17.1817452583 0 8 3
P 11.4488840716 18.1175621978 0 35 4
P 3.74921531769 24.6207117394 0 100 3
P 5.45614933973 10.014292283 0 100 3
P 25.3468161132 8.05418263946 0 65 3
P 22.6519675077 31.1142942753 0 65 3
P 15.2791592371 19.7321421347 0 59 4
P 15.5482324846 17.4296531886 0 59 4
P 8.74024683692 16.9667537134 0 87 5
P 8.54788464422 18.6128178482 0 87 5
P 5.23461526892 21.2158148528 0 30 1
P 6.116440735 13.6699387506 0 30 1
P 18.0835950876 7.51891789701 0 4 1
P 15.4610384319 29.9604194828 0 4 1
P 6.57946354294 12.4984763443 0 38 3
P 5.41505188133 22.4624731537 0 38 3
P 14.7041465484 24.20848522 0 36 4
P 16.0208462009 12.9413435643 0 36 4
P 6.83542051044 29.019937632 0 12 3
P 9.47354657682 6.44520691196 0 12 3
P 25.5756472279 10.8530234246 0 38 4
P 23.519975158 28.4436321591 0 38 4
