P 19 19 0 56 2
P 30.5594638159 28.2092209298 1 100 5
P 7.44053618409 9.79077907017 2 100 5
P 9.13790676942 31.3789526516 0 35 5
P 28.8620932306 6.62104734845 0 35 5
P 13.9936924377 25.2839442727 0 19 1
P 24.0063075623 12.7160557273 0 19 1
P 2.66062832914 14.7742201631 0 100 1
P 35.3393716709 23.2257798369 0 100 1
P 21.9486351033 28.5611159314 0 73 2
P 16.0513648967 9.43888406858 0 73 2
P 29.8862170817 8.12907848792 0 35 2
P 8.11378291834 29.8709215121 0 35 2
P 18.8960625044 27.7695450554 0 61 2
P 19.1039374956 10.2304549446 0 61 2
P 15.7319898205 7.06939373442 0 60 1
P 22.2680101795 30.9306062656 0 60 1
P 9.33086333176 13.0204617544 0 15 5
P 28.6691366682 24.9795382456 0 15 5
