P 19 19 0 75 1
P 15.7307266528 31.8194621265 1 100 5
P 7.51777464041 25.5715491494 2 100 5
P 17.98785675 20.3304737074 0 61 1
P 10.2096493613 30.5550149678 0 32 2
P 17.1288514381 21.4596458694 0 90 5
P 15.2801319401 23.8898084817 0 93 2
P 9.2714426041 31.7882983222 0 28 1
P 23.8594852273 17.3553676197 0 100 5
P 19.2882624108 13.8778601031 0 100 5
P 20.9693458032 10.040144141 0 75 5
P 27.109452062 14.7111624931 0 75 5
P 15.8992794635 16.5874616231 0 29 5
P 22.1524726635 21.3445096228 0 29 5
P 14.5198094886 4.43477899677 0 79 4
P 34.2325951079 19.4310639987 0 79 4
P 26.7020926368 19.8273149924 0 41 1
P 16.1474114288 11.7979572671 0 41 1
P 23.9015911962 14.2816900693 0 70 1
P 22.2392500816 13.0170823368 0 70 1
P 16.801407995 25.2600864465 0 43 5
P 13.5535949312 22.789348354 0 43 5
P 17.8351985813 13.0918179301 0 51 2
P 25.0047691534 18.545989944 0 51 2
P 4.18823386067 17.4710879864 0 81 5
P 24.4259331249 32.8666952745 0 81 5
