P 19 19 0 78 4
P 3.46038171224 19.3354768466 1 100 5
P 10.9013084031 32.2666301547 2 100 5
P 6.9113012189 25.9561561351 0 8 4
P 5.91834113614 26.5275315574 0 28 1
P 8.72789765961 24.9108386278 0 14 2
P 27.3217551489 26.8651983093 0 100 2
P 16.3816004867 7.85294042395 0 100 2
P 8.09794871919 8.87436657643 0 6 1
P 22.2761244921 33.5137928423 0 6 1
P 29.8165511601 24.4000940447 0 98 4
P 19.7665076004 6.93470842504 0 98 4
P 4.28817624125 12.5364230117 0 39 4
P 17.1955846306 34.9674566217 0 39 4
P 13.3269656036 8.6396972284 0 45 2
P 25.1065911881 29.110822758 0 45 2
P 10.336925575 18.7030177313 0 24 2
P 14.9035762437 26.639134072 0 24 2
