P 19 19 0 84 0
P 17.9647421009 6.14024301379 1 100 5
P 14.3092449379 31.0183994612 2 100 5
P 28.3988808654 20.3810340976 0 7 5
P 26.3602632879 30.3291581921 0 100 2
P 29.3081221569 10.2669639525 0 100 2
P 23.4381523514 28.5206598468 0 1 4
P 25.9892873606 11.1584426034 0 1 4
P 6.7201309358 18.0625071621 0 6 3
P 6.96949369524 16.3654231638 0 6 3
P 17.7945646206 4.59228597333 0 52 5
P 13.700973052 32.4519742541 0 52 5
P 20.4526992816 29.8916133001 0 15 2
P 23.5243932098 8.98663685044 0 15 2
P 26.091292223 24.3590138605 0 64 4
P 27.3331400416 15.9073907464 0 64 4
P 25.7577875072 3.86609088364 0 67 4
P 21.118709639 35.4381862321 0 67 4
P 31.2175377346 16.0358168692 0 17 3
P 29.8484481482 25.353407173 0 17 3
P 32.1381829669 19.1511294599 0 40 5
P 31.6263347916 22.6346061018 0 40 5
P 32.4430296132 16.2653610936 0 36 1
P 31.0881721682 25.4860919483 0 36 1
P 14.1270035585 13.8758896379 0 22 4
P 12.858965886 22.5057526058 0 22 4
