P 19 19 0 96 2
P 30.5174925337 8.0987218407 1 100 5
P 7.48250746635 29.9012781593 2 100 5
P 9.9680724001 9.45752643165 0 10 4
P 28.0319275999 28.5424735683 0 10 4
P 31.9025006674 11.1224488588 0 100 5
P 6.09749933258 26.8775511412 0 100 5
P 32.3662720559 19.0636463495 0 82 2
P 5.63372794414 18.9363536505 0 82 2
P 10.0822695905 5.04033366093 0 82 3
P 27.9177304095 32.9596663391 0 82 3
P 8.63211750479 28.4927101085 0 42 5
P 29.3678824952 9.50728989146 0 42 5
P 8.8944635855 31.2081952997 0 79 2
P 29.1055364145 6.79180470035 0 79 2
P 11.5785006012 24.855078409 0 49 3
P 26.4214993988 13.144921591 0 49 3
P 28.7928400762 14.4311513737 0 31 4
P 9.20715992384 23.5688486263 0 31 4
P 18.9097997399 14.4401494377 0 78 2
P 19.0902002601 23.5598505623 0 78 2
P 5.76962128715 13.8243574679 0 100 5
P 32.2303787128 24.1756425321 0 100 5
P 9.71669983864 6.74082214971 0 25 5
P 28.2833001614 31.2591778503 0 25 5
P 13.713522611 31.6293946927 0 77 5
P 24.286477389 6.37060530731 0 77 5
P 35.0015886606 16.1820637486 0 99 2
P 2.99841133936 21.8179362514 0 99 2
