P 19 19 0 7 5
P 27.3057222395 20.1645118756 1 100 5
P 10.6942777605 17.8354881244 2 100 5
P 8.50745807026 25.3596978012 0 100 2
P 29.4925419297 12.6403021988 0 100 2
P 13.3399240456 11.3131380475 0 38 4
P 24.6600759544 26.6868619525 0 38 4
P 8.9067570834 6.05438562105 0 5 2
P 29.0932429166 31.9456143789 0 5 2
P 13.9932578429 29.5210486068 0 46 3
P 24.0067421571 8.4789513932 0 46 3
P 16.8375807863 4.05257486387 0 27 3
P 21.1624192137 33.9474251361 0 27 3
P 6.15853771866 15.5877935591 0 45 2
P 31.8414622813 22.4122064409 0 45 2
P 17.7813515204 11.8680823334 0 73 5
P 20.2186484796 26.1319176666 0 73 5
P 33.5850456601 12.3682873462 0 31 5
P 4.41495433995 25.6317126538 0 31 5
P 12.828511515 9.6199052687 0 23 1
P 25.171488485 28.3800947313 0 23 1
P 5.33035631759 26.4331460889 0 16 4
P 32.6696436824 11.5668539111 0 16 4
P 7.65625715071 27.4145584185 0 57 5
P 30.3437428493 10.5854415815 0 57 5
P 23.3846067632 23.5682326227 0 13 5
P 14.6153932368 14.4317673773 0 13 5
