P 19 19 0 68 5
P 7.82505889559 20.8114157143 1 100 5
P 30.1749411044 17.1885842857 2 100 5
P 16.7967765981 5.40792858235 0 71 5
P 21.2032234019 32.5920714177 0 71 5
P 30.3943149059 28.0569583043 0 100 2
P 7.60568509411 9.94304169568 0 100 2
P 12.6547937038 18.6376827656 0 68 3
P 25.3452062962 19.3623172344 0 68 3
P 16.6988817446 33.3596474197 0 43 1
P 21.3011182554 4.64035258035 0 43 1
P 32.4562835234 24.5118501049 0 58 3
P 5.54371647661 13.4881498951 0 58 3
P 12.8627785047 14.9133603502 0 34 2
P 25.1372214953 23.0866396498 0 34 2
P 14.8975896481 6.92194032554 0 77 1
P 23.1024103519 31.0780596745 0 77 1
P 8.72821111746 16.604864084 0 4 2
P 29.2717888825 21.395135916 0 4 2
P 17.2510970207 27.9322352167 0 97 2
P 20.7489029793 10.0677647833 0 97 2
P 30.0925445001 8.39136380362 0 83 1
P 7.90745549989 29.6086361964 0 83 1
P 23.523052965 20.9022807493 0 43 2
P 14.476947035 17.0977192507 0 43 2
P 13.897293306 34.9963450859 0 7 2
P 24.102706694 3.00365491411 0 7 2
P 24.1676893287 7.58326776425 0 42 4
P 13.8323106713 30.4167322357 0 42 4
