P 19 19 0 28 4
P 29.8472257305 25.6647542329 1 100 5
P 22.4570027642 6.74722941854 2 100 5
P 20.5296088534 18.4024508709 0 25 3
P 27.2472463238 15.7781731601 0 41 5
P 34.0144436989 13.1345346319 0 75 2
P 30.490520339 14.5111724109 0 7 4
P 32.3252895186 13.794410918 0 18 5
P 5.58627746044 28.2517018041 0 100 5
P 2.86699502645 21.2908708309 0 100 5
P 22.8576190358 34.7050759539 0 4 1
P 11.1902327597 4.83884994094 0 4 1
P 27.731041898 32.9886308423 0 91 3
P 15.9366372894 2.79726275067 0 91 3
P 30.3637616108 17.3589384888 0 59 5
P 28.4669401478 12.5034466778 0 59 5
P 15.4365005579 22.4718134515 0 33 1
P 14.0267436725 18.8631116597 0 33 1
P 18.9593171903 2.84389669174 0 55 1
P 29.9216760419 30.9053904445 0 55 1
