P 19 19 0 32 5
P 16.0554165103 8.76504047372 1 100 5
P 24.2449366711 9.73093274661 2 100 5
P 20.3725510876 7.36253781213 0 100 4
P 19.7262561833 12.8422846711 0 4 1
P 20.4952748654 6.3219985295 0 35 5
P 20.9048201383 2.84958306104 0 60 5
P 31.8306174691 15.2952444797 0 100 2
P 7.38335052736 12.4118733213 0 100 2
P 13.2637995215 15.0257696872 0 31 2
P 25.5034034724 16.4693388643 0 31 2
P 5.80254536882 11.8624855745 0 25 3
P 33.495861004 15.1287037482 0 25 3
P 5.38354337394 9.62269099771 0 87 2
P 34.4244512447 13.0478475343 0 87 2
P 23.5104891446 21.3018913544 0 85 2
P 14.077742862 20.1893699163 0 85 2
P 26.5976908256 18.8635297612 0 29 5
P 11.6425330842 17.0996814503 0 29 5
P 13.2079067069 8.50992457408 0 23 4
P 27.0736655698 10.1452864855 0 23 4
P 21.1137923751 16.0914426926 0 13 2
P 17.620880415 15.6794800128 0 13 2
P 9.73788285357 11.6971996708 0 70 4
P 29.7069594419 14.0524019775 0 70 4
