P 19 19 0 21 5
P 25.595290075 13.1589624484 1 100 5
P 15.5899360699 27.1232404153 2 100 5
P 31.1045822268 27.6728888203 0 97 3
P 15.779738964 9.71847649172 0 100 4
P 9.17591868495 18.9353000018 0 100 4
P 15.7464039771 21.6636764432 0 1 4
P 20.475994675 15.0626787032 0 1 4
P 20.2114162689 4.44590213113 0 10 5
P 5.60840333354 24.8270432362 0 10 5
P 6.26962593544 15.1553013794 0 82 3
P 11.2659572522 8.18201894608 0 82 3
P 10.6917591552 15.736760579 0 29 1
P 13.2385010744 12.1823224201 0 29 1
P 19.0929122889 4.833685887 0 47 3
P 5.6159298184 23.6432481751 0 47 3
