P 19 19 0 23 1
P 31.5911887158 9.61080228774 1 100 5
P 6.40881128422 28.3891977123 2 100 5
P 13.5964693272 11.7537073434 0 86 1
P 24.4035306728 26.2462926566 0 86 1
P 28.8544799774 18.0544547067 0 100 4
P 9.1455200226 19.9455452933 0 100 4
P 30.1441878534 8.22540117377 0 51 5
P 7.85581214662 29.7745988262 0 51 5
P 5.09141272958 20.09409046 0 86 3
P 32.9085872704 17.90590954 0 86 3
P 15.8346405613 4.05751705174 0 45 4
P 22.1653594387 33.9424829483 0 45 4
P 4.48008490441 15.8249318009 0 31 2
P 33.5199150956 22.1750681991 0 31 2
P 2.74854276621 14.3330385218 0 75 4
P 35.2514572338 23.6669614782 0 75 4
P 30.2901151666 24.5516565085 0 58 1
P 7.70988483336 13.4483434915 0 58 1
P 17.370243093 7.76466030729 0 48 5
P 20.629756907 30.2353396927 0 48 5
P 34.7380222484 13.7840596068 0 30 5
P 3.26197775162 24.2159403932 0 30 5
P 33.7018761594 14.9210092728 0 8 4
P 4.29812384062 23.0789907272 0 8 4
P 26.6493215333 21.4880201702 0 21 3
P 11.3506784667 16.5119798298 0 21 3
