P 19 19 0 97 5
P 28.103938302 8.85769575396 1 100 5
P 9.89606169797 29.142304246 2 100 5
P 13.789041767 14.3225380449 0 88 3
P 24.210958233 23.6774619551 0 88 3
P 18.9306134137 32.8933770366 0 100 5
P 19.0693865863 5.10662296342 0 100 5
P 4.02022440971 23.4705232093 0 63 5
P 33.9797755903 14.5294767907 0 63 5
P 15.1105154216 11.148266771 0 100 4
P 22.8894845784 26.851733229 0 100 4
P 30.4092143078 7.35662422801 0 97 2
P 7.59078569218 30.643375772 0 97 2
P 33.2148117679 27.0631612681 0 3 2
P 4.78518823205 10.9368387319 0 3 2
P 14.7603190552 29.6026007428 0 32 4
P 23.2396809448 8.39739925715 0 32 4
P 17.1577006584 4.72924633033 0 40 2
P 20.8422993416 33.2707536697 0 40 2
P 12.0360934364 8.70454938459 0 58 1
P 25.9639065636 29.2954506154 0 58 1
P 27.2023169376 19.3128977374 0 91 1
P 10.7976830624 18.6871022626 0 91 1
