P 19 19 0 22 0
P 13.3117617136 30.8562964664 1 100 5
P 24.6882382864 7.14370353365 2 100 5
P 5.1544760611 12.3573996241 0 51 5
P 32.8455239389 25.6426003759 0 51 5
P 17.883291026 33.9643069265 0 100 3
P 20.116708974 4.0356930735 0 100 3
P 13.3284494471 3.4551175891 0 8 2
P 24.6715505529 34.5448824109 0 8 2
P 8.29235839104 6.78015124299 0 43 1
P 29.707641609 31.219848757 0 43 1
P 18.7296307529 2.55928452574 0 22 4
P 19.2703692471 35.4407154743 0 22 4
P 15.1665898955 9.26904270695 0 27 3
P 22.8334101045 28.730957293 0 27 3
P 16.5046730321 2.92042989153 0 42 5
P 21.4953269679 35.0795701085 0 42 5
P 31.8026974145 24.3521798248 0 18 1
P 6.19730258546 13.6478201752 0 18 1
P 22.142404674 31.482812952 0 52 2
P 15.857595326 6.51718704804 0 52 2
P 23.060231026 7.1616929519 0 95 4
P 14.939768974 30.8383070481 0 95 4
P 24.7058759111 31.954221873 0 25 5
P 13.2941240889 6.04577812698 0 25 5
