P 19 19 0 22 0
P 11.6800691516 18.8223869699 1 100 5
P 26.3199308484 19.1776130301 2 100 5
P 18.8489295354 25.2260373206 0 47 3
P 19.1510704646 12.7739626794 0 47 3
P 18.7127030587 30.8403122919 0 62 1
P 19.2872969413 7.15968770807 0 62 1
P 13.6080385913 11.612091939 0 118 3
P 24.3919614087 26.387908061 0 118 3
P 29.5373300966 16.0602382991 0 71 3
P 8.46266990339 21.9397617009 0 71 3
P 18.2486810406 4.59141466125 0 58 4
P 19.7513189594 33.4085853387 0 58 4
P 29.2162604401 19.7765788096 0 45 4
P 8.78373955985 18.2234211904 0 45 4
P 15.7947077379 2.71981593956 0 65 1
P 22.2052922621 35.2801840604 0 65 1
P 13.2543296145 6.23709310558 0 19 3
P 24.7456703855 31.7629068944 0 19 3
P 10.1960424303 29.9029208227 0 36 3
P 27.8039575697 8.09707917726 0 36 3
