P 19 19 0 70 4
P 27.3951036281 17.6269887291 1 100 5
P 10.6048963719 20.3730112709 2 100 5
P 35.5488347699 16.1374832829 0 100 4
P 2.4511652301 21.8625167171 0 100 4
P 31.8537633718 8.46345364582 0 24 3
P 6.14623662817 29.5365463542 0 24 3
P 8.20899907289 10.3666691555 0 58 2
P 29.7910009271 27.6333308445 0 58 2
P 29.8958440415 12.1966006846 0 34 5
P 8.10415595847 25.8033993154 0 34 5
P 25.1044614225 33.5020461093 0 28 3
P 12.8955385775 4.49795389068 0 28 3
P 23.915328046 28.3728107273 0 1 3
P 14.084671954 9.62718927267 0 1 3
