P 19 19 0 23 0
P 9.85548903212 9.94358346606 1 100 5
P 6.31614198871 16.8181413366 2 100 5
P 24.146345751 21.6495818293 0 83 5
P 22.0668565255 6.64948960288 0 100 4
P 10.7290432171 28.6711938205 0 100 4
P 27.4718041245 31.1789489285 0 55 5
P 33.8346206472 18.8202991923 0 55 5
P 18.8796366877 29.8844703036 0 92 5
P 27.7894269064 12.578773032 0 92 5
P 15.6887653708 22.9744763042 0 9 1
P 20.311362895 13.9958952828 0 9 1
P 16.9360164953 24.3098169297 0 73 3
P 22.1228375499 14.2353311372 0 73 3
P 27.935559302 8.64772017964 0 89 2
P 15.7648737456 32.2871319568 0 89 2
P 11.5541744046 27.1779091603 0 100 1
P 21.3307604552 8.18861374608 0 100 1
P 17.7349537084 2.81680940394 0 86 1
P 5.09286645127 27.3718359065 0 86 1
P 6.91743746725 10.0058412613 0 62 1
P 4.65997556553 14.3905631587 0 62 1
P 28.7142268005 10.2019189321 0 56 2
P 17.4822662711 32.0180227814 0 56 2
P 5.39025619004 20.7905486882 0 12 3
P 12.5509198663 6.88222146567 0 12 3
P 16.9344255539 7.15758206907 0 61 2
P 8.16095174345 24.1985087415 0 61 2
P 32.5760394905 20.1863612444 0 9 5
P 27.8525383247 29.3609298067 0 9 5
