P 19 19 0 28 1
P 9.67874193664 7.17647745564 1 100 5
P 28.3212580634 30.8235225444 2 100 5
P 22.2412370574 13.2230515646 0 100 4
P 15.7587629426 24.7769484354 0 100 4
P 28.9320602681 25.885100211 0 6 1
P 9.06793973192 12.114899789 0 6 1
P 9.12929962646 25.6161419935 0 32 3
P 28.8707003735 12.3838580065 0 32 3
P 18.9796134565 27.5614943837 0 18 2
P 19.0203865435 10.4385056163 0 18 2
P 34.7573679715 18.6354533866 0 32 3
P 3.24263202848 19.3645466134 0 32 3
P 9.66848461277 13.7109023794 0 90 2
P 28.3315153872 24.2890976206 0 90 2
P 25.5900093187 19.0474940939 0 92 4
P 12.4099906813 18.9525059061 0 92 4
P 12.4723112599 9.50670477146 0 21 3
P 25.5276887401 28.4932952285 0 21 3
