P 19 19 0 45 4
P 12.9283688587 23.8138947168 1 100 5
P 25.0716311413 14.1861052832 2 100 5
P 25.3666288271 9.70161965952 0 100 4
P 12.6333711729 28.2983803405 0 100 4
P 29.9064129219 27.600090795 0 5 1
P 8.09358707811 10.399909205 0 5 1
P 21.6722655619 24.2763212129 0 60 2
P 16.3277344381 13.7236787871 0 60 2
P 6.79257365142 7.39834609713 0 28 1
P 31.2074263486 30.6016539029 0 28 1
P 22.6609208796 32.6210346649 0 81 5
P 15.3390791204 5.37896533507 0 81 5
P 29.1003568738 22.7368124703 0 75 3
P 8.89964312618 15.2631875297 0 75 3
P 12.3481228677 30.5877486681 0 20 4
P 25.6518771323 7.41225133188 0 20 4
P 25.9713732372 24.5765587607 0 36 1
P 12.0286267628 13.4234412393 0 36 1
P 21.9600181409 31.3933801985 0 36 4
P 16.0399818591 6.60661980154 0 36 4
P 32.2271995836 13.7409084135 0 70 1
P 5.77280041645 24.2590915865 0 70 1
