P 19 19 0 44 2
P 19.7714219809 31.6266330687 1 100 5
P 18.2285780191 6.37336693128 2 100 5
P 3.71047233391 19.9341110694 0 13 1
P 34.2895276661 18.0658889306 0 13 1
P 5.18641427703 19.8439386496 0 79 2
P 32.813585723 18.1560613504 0 79 2
P 27.703041361 14.9422231594 0 100 3
P 10.296958639 23.0577768406 0 100 3
P 27.1720077798 20.3613675301 0 70 3
P 10.8279922202 17.6386324699 0 70 3
P 28.416131029 22.9832789374 0 95 3
P 9.58386897096 15.0167210626 0 95 3
P 32.5145150843 27.0749477359 0 4 3
P 5.48548491573 10.9250522641 0 4 3
P 6.47245883809 17.0681265816 0 73 1
P 31.5275411619 20.9318734184 0 73 1
P 18.1256649183 5.1898640912 0 23 3
P 19.8743350817 32.8101359088 0 23 3
P 3.74048352729 25.0064411905 0 28 4
P 34.2595164727 12.9935588095 0 28 4
P 8.46182512576 32.2793295522 0 48 3
P 29.5381748742 5.72067044776 0 48 3
P 7.96794084969 24.474617709 0 34 2
P 30.0320591503 13.525382291 0 34 2
P 25.3137069648 27.5749369686 0 26 1
P 12.6862930352 10.4250630314 0 26 1
P 35.640746582 21.6893520687 0 24 3
P 2.35925341797 16.3106479313 0 24 3
