P 19 19 0 88 3
P 13.9545248966 18.4496094369 1 100 5
P 21.2349399432 14.4431598403 2 100 5
P 11.4576002255 5.29414910105 0 55 2
P 10.8489705095 4.18816315621 0 80 5
P 12.9388602093 7.98585586379 0 19 4
P 34.9219093641 16.764808096 0 100 3
P 8.59173324749 31.2544385369 0 100 3
P 7.19774114438 11.8004014169 0 13 4
P 19.2334612168 5.17708316911 0 13 4
P 14.192481922 32.679415899 0 78 5
P 33.1286692137 22.2587352852 0 78 5
P 27.8568769383 24.0569712418 0 26 3
P 18.5326010283 29.1881679138 0 26 3
P 11.3694942798 9.17393701779 0 68 3
P 14.7823160749 7.29584374745 0 68 3
