P 19 19 0 92 1
P 34.6662113717 14.6432855817 1 100 5
P 30.9878219246 29.9865037554 2 100 5
P 9.18916169942 18.8606952782 0 100 5
P 10.1924672911 14.6757287844 0 100 5
P 5.28226721206 10.3727362707 0 82 2
P 2.86165183061 20.4695545785 0 82 2
P 11.7146669311 33.2499102645 0 84 4
P 18.9678040331 2.9957823093 0 84 4
P 26.7633554484 9.4520545967 0 26 5
P 21.590222036 31.0301163355 0 26 5
P 16.7243346608 4.25788870271 0 88 1
P 10.2873344182 31.1077643146 0 88 1
P 28.0536619694 17.2625272704 0 5 4
P 26.2816948796 24.6537179115 0 5 4
P 21.4342002123 4.17712612095 0 29 1
P 14.4486032834 33.3152963167 0 29 1
