P 19 19 0 15 0
P 33.5787891718 18.8786215449 1 100 5
P 4.42121082816 19.1213784551 2 100 5
P 22.2346240859 7.05542416952 0 129 4
P 15.7653759141 30.9445758305 0 129 4
P 10.551695053 31.8655886356 0 29 2
P 27.448304947 6.13441136441 0 29 2
P 14.840991488 19.7319893246 0 1 4
P 23.159008512 18.2680106754 0 1 4
P 11.6376226715 21.5432982006 0 34 4
P 26.3623773285 16.4567017994 0 34 4
P 29.2751631449 31.3488994181 0 58 4
P 8.72483685509 6.65110058189 0 58 4
P 31.7935177871 8.35017450708 0 60 4
P 6.20648221287 29.6498254929 0 60 4
P 24.3318673445 32.8761941385 0 11 5
P 13.6681326555 5.12380586151 0 11 5
