P 19 19 0 14 0
P 15.1309809342 25.1671732366 1 100 5
P 22.8690190658 12.8328267634 2 100 5
P 7.57458447434 11.8321860264 0 1 1
P 30.4254155257 26.1678139736 0 1 1
P 32.220618282 23.4041737003 0 100 5
P 5.77938171805 14.5958262997 0 100 5
P 33.9281765775 14.9270580193 0 57 3
P 4.0718234225 23.0729419807 0 57 3
P 5.51136343553 23.7323850559 0 71 2
P 32.4886365645 14.2676149441 0 71 2
P 22.038679488 6.05442471544 0 78 3
P 15.961320512 31.9455752846 0 78 3
P 12.9509021043 28.1697165859 0 89 1
P 25.0490978957 9.83028341414 0 89 1
P 24.396791691 27.4126537042 0 1 5
P 13.603208309 10.5873462958 0 1 5
P 33.3860914184 23.4245010702 0 35 4
P 4.61390858163 14.5754989298 0 35 4
