P 19 19 0 85 0
P 19.4862361894 32.5705679236 1 100 5
P 31.856586949 23.3709165428 2 100 5
P 22.2073207249 23.3127375944 0 57 1
P 27.215806257 30.0474191863 0 32 3
P 18.569685571 22.9613465368 0 100 1
P 22.9176087709 19.7278587847 0 100 1
P 25.4185340187 24.7027271347 0 68 1
P 22.6144097886 26.7881138668 0 68 1
P 2.81450635686 23.5634682887 0 72 4
P 28.0281818273 4.81242162355 0 72 4
P 19.8528500625 7.24662405654 0 84 2
P 7.49838167702 16.4344639449 0 84 2
P 32.5130835614 13.6378176105 0 51 5
P 9.97593947394 30.398366503 0 51 5
P 23.6910220979 4.9305854186 0 87 2
P 4.17579097562 19.443781239 0 87 2
P 8.37923354238 30.960800581 0 36 2
P 33.511215386 12.2705082875 0 36 2
