P 19 19 0 85 0
P 19.7570363943 26.5591935945 1 100 5
P 11.6199081964 17.1975691767 2 100 5
P 26.1187838751 12.812349821 0 31 4
P 27.8413571911 11.315088312 0 57 1
P 20.5399078928 9.35433932664 0 100 3
P 28.7661214157 18.818454861 0 100 3
P 11.9142280449 23.9351104111 0 36 3
P 13.1261467055 25.3294017446 0 36 3
P 8.76840932363 23.8069267364 0 26 2
P 12.8149615951 28.4624147207 0 26 2
P 18.7268434118 8.21341881535 0 2 1
P 29.6434166662 20.7727464126 0 2 1
P 5.8878143354 18.8789964527 0 92 4
P 17.2936844312 32.0012515529 0 92 4
P 19.4298435858 24.0480239967 0 4 4
P 14.0610366129 17.8713049836 0 4 4
P 2.75176331393 22.7023443809 0 41 1
P 13.07083818 34.5742604779 0 41 1
P 21.9150352951 12.339986254 0 28 4
P 26.0010860553 17.0409165625 0 28 4
P 8.52990027749 16.3610035941 0 30 3
P 20.1551023685 29.7355963387 0 30 3
P 15.7179775407 17.5405036712 0 71 3
P 19.988183927 22.4533018234 0 71 3
P 23.8729835828 11.7793997306 0 14 4
P 26.8288936363 15.1801228188 0 14 4
