P 19 19 0 3 2
P 3.00160392079 21.6824140769 1 100 5
P 34.9983960792 16.3175859231 2 100 5
P 24.0359020249 19.6635223376 0 100 1
P 13.9640979751 18.3364776624 0 100 1
P 15.2253981169 4.33430728164 0 62 2
P 22.7746018831 33.6656927184 0 62 2
P 28.2507261858 30.3867323283 0 13 1
P 9.74927381416 7.61326767168 0 13 1
P 3.64028070916 17.8713152702 0 9 3
P 34.3597192908 20.1286847298 0 9 3
P 17.4431408199 7.54151394293 0 26 5
P 20.5568591801 30.4584860571 0 26 5
P 8.91124299096 32.5078273241 0 40 3
P 29.088757009 5.49217267589 0 40 3
P 21.1785550849 31.4618064562 0 73 5
P 16.8214449151 6.5381935438 0 73 5
P 28.8417198645 16.4933210483 0 39 5
P 9.15828013554 21.5066789517 0 39 5
P 5.85578113944 19.5357759298 0 31 3
P 32.1442188606 18.4642240702 0 31 3
