P 19 19 0 39 4
P 15.1334428967 27.1902414757 1 100 5
P 12.3454516514 25.1438835878 2 100 5
P 24.4703457697 3.14712034761 0 100 3
P 32.4840514901 9.02910076651 0 100 3
P 9.69024563362 7.35006378112 0 45 5
P 32.9049217376 24.3894055086 0 45 5
P 8.4393067362 23.4228776342 0 49 1
P 17.9462256977 30.4008617437 0 49 1
P 9.68066540131 13.6587047068 0 35 3
P 26.8892647301 26.2896457246 0 35 3
P 25.3665781828 24.668956936 0 31 1
P 11.6832703485 14.6255448674 0 31 1
P 20.4766633288 11.9502000498 0 75 4
P 25.2829547219 15.4779702035 0 75 4
P 35.1082499361 21.0969489625 0 59 5
P 12.1708162689 4.26110043044 0 59 5
P 24.983785538 9.63853681152 0 7 3
P 26.1372418183 10.4851622669 0 7 3
P 6.67766568714 17.8922950649 0 12 2
P 23.7505520682 30.4236241267 0 12 2
