P 19 19 0 91 0
P 9.45709387714 10.1682487053 1 100 5
P 28.5429061229 27.8317512947 2 100 5
P 11.9733070293 33.6743049858 0 100 2
P 26.0266929707 4.32569501416 0 100 2
P 11.6588132136 12.3747325561 0 71 1
P 26.3411867864 25.6252674439 0 71 1
P 16.9692674014 19.9497222674 0 76 4
P 21.0307325986 18.0502777326 0 76 4
P 27.1483057904 23.5236995139 0 51 5
P 10.8516942096 14.4763004861 0 51 5
P 14.4759150883 14.0179452329 0 39 1
P 23.5240849117 23.9820547671 0 39 1
P 31.0401707572 24.0757978291 0 88 3
P 6.95982924279 13.9242021709 0 88 3
P 24.6441676525 16.1135956235 0 36 5
P 13.3558323475 21.8864043765 0 36 5
P 5.38044648131 8.94293693521 0 15 1
P 32.6195535187 29.0570630648 0 15 1
P 9.32604324573 12.3523866244 0 36 3
P 28.6739567543 25.6476133756 0 36 3
P 3.60428365141 18.853822093 0 92 3
P 34.3957163486 19.146177907 0 92 3
P 34.3686355765 24.118061801 0 13 5
P 3.63136442352 13.881938199 0 13 5
