P 19 19 0 57 2
P 26.2103009745 17.5133221122 1 100 5
P 19.992841743 11.7052815984 2 100 5
P 11.928696591 26.5697716906 0 30 5
P 10.0216851731 28.6112116076 0 38 2
P 8.59588336826 21.637246119 0 100 5
P 17.0764749773 29.5593920974 0 100 5
P 6.79658803146 15.5201356778 0 71 5
P 23.3017962206 30.9384784898 0 71 5
P 4.63372985654 18.7425155045 0 64 2
P 20.2339803161 33.3154919119 0 64 2
P 25.7039598344 13.4539016826 0 79 3
P 24.0773000833 11.9343572216 0 79 3
P 23.1812249265 20.1513922375 0 21 4
P 17.5668965464 14.9067665029 0 21 4
P 12.4105533258 22.088627085 0 26 4
P 16.3666923525 25.7842549758 0 26 4
P 10.2725673603 14.2078593245 0 78 2
P 24.374622401 27.381296247 0 78 2
