P 19 19 0 76 5
P 23.0925488742 9.40995599066 1 100 5
P 16.1476140757 29.0290475583 2 100 5
P 11.3508136863 16.2922752296 0 81 4
P 9.49956424519 15.6369540279 0 12 3
P 4.98952313108 14.0404508785 0 44 1
P 3.04400914693 13.3517611029 0 49 4
P 6.73639517063 14.6588236698 0 87 5
P 19.0251654656 28.1309507321 0 100 2
P 24.7642151351 11.9184240137 0 100 2
P 28.9626896896 16.8277800046 0 53 2
P 25.3772797027 26.9563829189 0 53 2
P 22.3851415836 28.4128327902 0 28 3
P 27.5532388779 13.8132178206 0 28 3
P 7.04186679118 10.6478848645 0 69 1
P 4.45039009764 17.9686762069 0 69 1
P 8.61899383732 27.3857086259 0 18 3
P 16.2067261487 5.95074640836 0 18 3
P 35.3252604794 18.904628757 0 42 5
P 31.6294810737 29.3450197294 0 42 5
