P 19 19 0 84 4
P 29.237723858 11.6408548075 1 100 5
P 27.2851212219 28.5039346639 2 100 5
P 11.461074662 18.1270559344 0 63 3
P 26.4344796587 11.1446750916 0 100 2
P 24.4426659441 28.3463899252 0 100 2
P 18.8916118077 4.89915215582 0 50 3
P 15.672164763 32.702962109 0 50 3
P 21.6036455561 29.026190736 0 69 3
P 23.8259290304 9.83409143351 0 69 3
P 16.9152348645 3.6325998553 0 67 1
P 13.4586523753 33.4843605099 0 67 1
P 30.1904153975 17.8305160464 0 14 1
P 29.627060663 22.695763947 0 14 1
P 32.3450065351 23.1216877425 0 43 3
P 32.9337745638 18.0369653823 0 43 3
