P 19 19 0 29 3
P 35.214720122 16.8749851068 1 100 5
P 2.67715777 19.9988285474 2 100 5
P 17.7087696919 5.55070669814 0 34 2
P 18.0546747787 9.15361079484 0 18 3
P 17.8860400664 7.39713273477 0 19 1
P 18.249597939 11.1839060395 0 95 4
P 17.4257102431 2.60239490233 0 3 3
P 22.905373591 21.869525554 0 100 2
P 15.7119221267 22.5601493914 0 100 2
P 17.6289636275 14.2688708597 0 79 1
P 19.4458436114 14.0944371219 0 79 1
P 30.2540366466 18.3789648261 0 12 2
P 7.83337576308 20.5315118939 0 12 2
P 33.2832688704 13.6863858405 0 57 5
P 3.96666257823 16.5009939932 0 57 5
P 13.9350283418 6.09652433126 0 30 2
P 21.5174259926 5.36855882147 0 30 2
P 13.4460647987 19.600508252 0 1 3
P 24.566737845 18.5328424824 0 1 3
P 6.7130489132 22.3028284516 0 37 3
P 31.6909113762 19.90477137 0 37 3
P 5.44231491273 19.8715706915 0 76 1
P 32.475860346 17.2761530427 0 76 1
P 31.5806244044 24.5309828605 0 11 4
P 7.70150842689 26.8235522609 0 11 4
