P 19 19 0 61 3
P 12.5597328883 21.9160173913 1 100 5
P 25.4402671117 16.0839826087 2 100 5
P 20.5703566101 27.7897508393 0 100 5
P 17.4296433899 10.2102491607 0 100 5
P 4.88239774476 18.7966925075 0 4 1
P 33.1176022552 19.2033074925 0 4 1
P 25.0954909892 34.2436503286 0 26 4
P 12.9045090108 3.75634967135 0 26 4
P 14.5482989473 8.80556643474 0 96 5
P 23.4517010527 29.1944335653 0 96 5
P 25.7944276056 12.470820567 0 70 1
P 12.2055723944 25.529179433 0 70 1
P 10.9962043188 11.1224170591 0 43 1
P 27.0037956812 26.8775829409 0 43 1
P 13.3112251208 23.7065760639 0 93 4
P 24.6887748792 14.2934239361 0 93 4
P 6.41193139221 16.1710438032 0 32 4
P 31.5880686078 21.8289561968 0 32 4
