P 19 19 0 17 1
P 20.2759016982 6.41857860826 1 100 5
P 25.800434533 29.6618093934 2 100 5
P 28.0026144159 16.8602269452 0 38 3
P 9.43094454917 7.04473969265 0 100 3
P 15.8335536638 33.9822791603 0 100 3
P 24.1367520033 11.1446484128 0 87 3
P 27.1219001287 23.7039885204 0 87 3
P 23.6813140788 5.9769995156 0 37 1
P 29.0403419857 28.5239054979 0 37 1
P 5.51797697083 21.4978573488 0 40 2
P 5.83590895643 22.835484753 0 40 2
P 6.06691741405 11.4289493802 0 73 1
P 10.8566270624 31.5805766903 0 73 1
P 30.6872726334 9.32724215309 0 50 3
P 33.7896121605 22.3796387552 0 50 3
P 25.4500598845 20.4431812904 0 30 5
P 24.1109004906 14.8089689901 0 30 5
P 21.9859628415 26.5175638754 0 15 1
P 18.2841161961 10.9428757555 0 15 1
P 7.90154018211 7.32842916364 0 73 2
P 14.3400662715 34.4170812336 0 73 2
