P 19 19 0 14 4
P 30.6464630847 11.3285896116 1 100 5
P 7.35353691533 26.6714103884 2 100 5
P 12.7838045147 9.56279255307 0 82 4
P 25.2161954853 28.4372074469 0 82 4
P 25.0333905978 16.2451108758 0 102 5
P 12.9666094022 21.7548891242 0 102 5
P 10.8625624023 6.41115871941 0 84 2
P 27.1374375977 31.5888412806 0 84 2
P 21.7321916975 15.5558384382 0 89 4
P 16.2678083025 22.4441615618 0 89 4
P 6.3463060194 9.17697103312 0 75 4
P 31.6536939806 28.8230289669 0 75 4
P 25.7322258489 3.75292000142 0 62 5
P 12.2677741511 34.2470799986 0 62 5
P 3.57731196529 25.1431769125 0 3 3
P 34.4226880347 12.8568230875 0 3 3
P 6.95451635793 7.06992891834 0 88 4
P 31.0454836421 30.9300710817 0 88 4
