P 19 19 0 29 1
P 30.0258174473 15.2450032853 1 100 5
P 7.97418255272 22.7549967147 2 100 5
P 23.3659467043 30.629092131 0 100 5
P 14.6340532957 7.37090786898 0 100 5
P 5.98360512702 25.489471344 0 71 1
P 32.016394873 12.510528656 0 71 1
P 5.26052735969 22.8900700155 0 84 2
P 32.7394726403 15.1099299845 0 84 2
P 13.3227844523 16.8112434055 0 62 4
P 24.6772155477 21.1887565945 0 62 4
P 18.5471096424 4.01448735531 0 34 5
P 19.4528903576 33.9855126447 0 34 5
P 17.0276084652 24.3824905266 0 4 1
P 20.9723915348 13.6175094734 0 4 1
P 16.945087521 21.3797499417 0 5 5
P 21.054912479 16.6202500583 0 5 5
P 13.0727431749 15.058759625 0 31 1
P 24.9272568251 22.941240375 0 31 1
P 13.4236514627 12.6933001662 0 49 5
P 24.5763485373 25.3066998338 0 49 5
P 16.7969956911 30.1128643734 0 73 5
P 21.2030043089 7.88713562663 0 73 5
P 20.6133866349 2.46356097194 0 84 1
P 17.3866133651 35.5364390281 0 84 1
P 20.058878709 3.96962330516 0 95 2
P 17.941121291 34.0303766948 0 95 2
