P 19 19 0 23 5
P 25.7777076825 26.1216063176 1 100 5
P 27.8853540958 23.2077405534 2 100 5
P 14.3658361167 15.6480340285 0 96 4
P 8.26960134603 11.2385284477 0 100 3
P 11.0875103825 13.276767802 0 17 3
P 10.0799532285 12.547985355 0 47 3
P 7.01619796213 10.3319214314 0 45 4
P 23.154389115 13.9684828246 0 100 1
P 15.521839434 24.5206442634 0 100 1
P 15.3762046282 30.4564992217 0 68 2
P 28.7463245437 11.9720255264 0 68 2
P 30.036926205 22.4259918001 0 24 2
P 25.7087704628 28.4097586976 0 24 2
P 15.8659317788 26.3069578476 0 93 1
P 24.9586378885 13.7360992491 0 93 1
P 21.9274621165 2.68098113348 0 29 3
P 4.41756340591 26.8887866107 0 29 3
P 6.78441872115 7.31192200533 0 17 1
P 4.07542538182 11.0571626193 0 17 1
P 16.6598489791 13.2122450249 0 42 2
P 12.7705783641 18.5892439471 0 42 2
P 15.125158612 5.09203361353 0 37 5
P 4.57806629562 19.6736119177 0 37 5
P 30.0740128777 13.2296246449 0 64 5
P 16.9862135178 31.323784198 0 64 5
P 24.8191891177 29.6004994851 0 27 1
P 30.889349652 21.2083741016 0 27 1
