P 19 19 0 87 5
P 13.0743883152 28.8822294645 1 100 5
P 25.0773060867 28.7896723008 2 100 5
P 18.9213362187 8.79879178303 0 84 2
P 18.8961760933 5.53599824236 0 96 1
P 24.6191357917 12.7585358395 0 100 1
P 13.2852795211 12.8459337215 0 100 1
P 8.18529642291 24.0751550324 0 87 3
P 29.8916841457 23.9077722576 0 87 3
P 15.8076703487 27.4767809424 0 86 2
P 22.3226749295 27.4265422957 0 86 2
P 20.3667672873 25.5436730396 0 40 4
P 17.7343086775 25.5639725123 0 40 4
P 16.8193619753 5.70544490701 0 94 1
P 20.9753563654 5.6733971116 0 94 1
P 7.21588832487 15.1222438205 0 56 1
P 30.7229094008 14.9409759622 0 56 1
P 33.7716245928 23.3565023688 0 9 2
P 4.29731595032 23.5837853063 0 9 2
P 7.44478353018 12.4369497403 0 89 4
P 30.4526300803 12.2595311276 0 89 4
P 16.2020493727 12.4907006213 0 56 1
P 21.6972345621 12.4483260283 0 56 1
