P 19 19 0 36 1
P 13.3635746528 21.9325401897 1 100 5
P 24.6364253472 16.0674598103 2 100 5
P 14.4216882735 10.200355121 0 56 4
P 23.5783117265 27.799644879 0 56 4
P 15.6769155863 12.612937587 0 67 3
P 22.3230844137 25.387062413 0 67 3
P 21.6224092719 2.67794050651 0 100 1
P 16.3775907281 35.3220594935 0 100 1
P 17.6753202495 34.8556986777 0 56 2
P 20.3246797505 3.14430132231 0 56 2
P 9.68702363442 14.1842743175 0 20 1
P 28.3129763656 23.8157256825 0 20 1
P 27.311156623 26.2917358635 0 7 2
P 10.688843377 11.7082641365 0 7 2
