P 19 19 0 64 4
P 26.2628249003 9.54965167462 1 100 5
P 7.18559384809 20.5740127956 2 100 5
P 23.9201218765 27.5140808444 0 27 2
P 26.9491188176 32.7556430419 0 97 4
P 24.706004649 28.8740206239 0 45 1
P 22.8549856667 25.6709037793 0 28 2
P 22.5657173048 30.7480632656 0 100 1
P 27.3983871264 27.955357283 0 100 1
P 19.5883592584 25.420711306 0 21 1
P 24.2692761081 22.715700417 0 21 1
P 31.24199912 23.5979039048 0 15 2
P 16.8711622949 31.9025312554 0 15 2
P 34.1181204388 22.8315401729 0 4 3
P 14.7710879518 34.0118143003 0 4 3
P 20.0857749491 27.781619949 0 96 2
P 26.066455911 24.3255006363 0 96 2
P 9.09198503592 31.3579878305 0 21 2
P 34.6544240225 16.5859510632 0 21 2
P 13.5822563982 20.9689667911 0 66 2
P 23.4110972807 15.2890706367 0 66 2
P 13.2838188483 3.41351301723 0 24 5
P 8.34966570667 6.26486423851 0 24 5
P 9.35939255344 6.5848084072 0 16 5
P 13.0568579147 4.44811502321 0 16 5
