P 19 19 0 62 2
P 24.9974009751 25.9983633177 1 100 5
P 13.0025990249 12.0016366823 2 100 5
P 9.16003811507 27.4325712061 0 83 4
P 28.8399618849 10.5674287939 0 83 4
P 22.8718392069 29.8354986209 0 100 1
P 15.1281607931 8.16450137907 0 100 1
P 31.0186654697 25.3091839971 0 86 5
P 6.98133453027 12.6908160029 0 86 5
P 13.4668798173 6.07369842573 0 98 3
P 24.5331201827 31.9263015743 0 98 3
P 19.9919601662 31.4908749048 0 1 1
P 18.0080398338 6.50912509522 0 1 1
P 11.0080980081 15.9728824174 0 62 4
P 26.9919019919 22.0271175826 0 62 4
P 4.87770358981 25.2540537579 0 96 3
P 33.1222964102 12.7459462421 0 96 3
P 19.1532084721 32.1459062631 0 62 5
P 18.8467915279 5.85409373691 0 62 5
P 34.8905789534 13.8572266672 0 19 3
P 3.1094210466 24.1427733328 0 19 3
P 23.1846052628 33.6372530815 0 31 5
P 14.8153947372 4.36274691851 0 31 5
P 25.2228282331 12.3220636116 0 24 3
P 12.7771717669 25.6779363884 0 24 3
P 23.7810063934 4.6409134899 0 64 4
P 14.2189936066 33.3590865101 0 64 4
P 16.0320660727 13.7956521016 0 87 3
P 21.9679339273 24.2043478984 0 87 3
