P 19 19 0 45 0
P 14.9878802754 8.43398644213 1 100 5
P 23.0121197246 29.5660135579 2 100 5
P 11.0572935892 15.305690261 0 100 1
P 26.9427064108 22.694309739 0 100 1
P 16.167478371 4.56871759875 0 44 4
P 21.832521629 33.4312824012 0 44 4
P 26.0470022974 7.94628205707 0 65 4
P 11.9529977026 30.0537179429 0 65 4
P 33.9790831542 25.4786306501 0 38 5
P 4.02091684578 12.5213693499 0 38 5
P 13.8779998074 22.8415098263 0 12 1
P 24.1220001926 15.1584901737 0 12 1
P 16.5041493516 13.2673688473 0 89 5
P 21.4958506484 24.7326311527 0 89 5
P 12.6909563083 18.089023484 0 8 4
P 25.3090436917 19.910976516 0 8 4
P 28.5975363488 26.0936200771 0 97 4
P 9.40246365123 11.9063799229 0 97 4
P 8.14163829219 12.8287696673 0 88 2
P 29.8583617078 25.1712303327 0 88 2
P 4.57036157822 21.7583861146 0 45 2
P 33.4296384218 16.2416138854 0 45 2
P 8.54012136964 28.8195095613 0 26 3
P 29.4598786304 9.1804904387 0 26 3
