P 19 19 0 12 2
P 24.7168416731 31.5461738005 1 100 5
P 16.7272880462 32.5986593502 2 100 5
P 4.86715598288 23.8396965689 0 100 4
P 33.9040448551 20.0145885123 0 100 4
P 26.6196323424 13.6071972225 0 88 1
P 10.2437299449 15.7644392215 0 88 1
P 25.7712483011 22.5247866909 0 89 2
P 13.3725716243 24.1580979681 0 89 2
P 11.9829478164 11.883689021 0 42 2
P 23.9347447352 10.3092464254 0 42 2
P 22.4612575818 12.774764819 0 45 4
P 14.044665605 13.8835052877 0 45 4
P 15.9285647195 30.6498883166 0 37 1
P 24.9836406726 29.4570386234 0 37 1
