P 19 19 0 53 0
P 8.32303651031 27.9743256112 1 100 5
P 5.79286615398 14.5158406463 2 100 5
P 8.28499836314 21.0144005496 0 6 4
P 5.66310098134 21.5073124226 0 3 3
P 14.7152920938 19.8055171855 0 2 3
P 9.65648501586 20.7565635878 0 92 5
P 10.658793103 20.5681315157 0 70 1
P 12.9077253127 30.6532940204 0 100 4
P 9.09164490314 10.3547948743 0 100 4
P 15.2506588895 8.76775949918 0 98 4
P 19.2225906065 29.8952630923 0 98 4
P 20.8024677806 25.0128484924 0 39 3
P 18.495774739 12.7430843078 0 39 3
P 20.4511046389 3.6958466815 0 75 5
P 25.9099041481 32.732299084 0 75 5
P 19.3625702812 35.3918102447 0 64 1
P 13.3849500799 3.595646242 0 64 1
