P 19 19 0 54 0
P 20.3639932174 13.2637426882 1 100 5
P 24.6626980624 17.3571439202 2 100 5
P 29.820447733 7.63685515835 0 37 5
P 26.0129182538 11.6353504173 0 51 4
P 28.8093420681 8.69867259917 0 78 1
P 20.9075486659 12.3281410843 0 100 4
P 25.5706013931 16.7684891581 0 100 4
P 3.06163710796 20.3778971926 0 95 3
P 18.4031135947 34.9866737932 0 95 3
P 11.36894553 4.54483167637 0 4 3
P 33.8110236787 25.9150893833 0 4 3
P 27.8727624073 25.1185961962 0 30 3
P 12.4548581468 10.4370419673 0 30 3
P 3.14624613933 18.3623759191 0 42 1
P 20.4120865469 34.8036099524 0 42 1
P 13.0649463597 29.1028484561 0 46 4
P 9.19945244639 25.4219682566 0 46 4
P 25.2475677396 34.4977725323 0 93 3
P 3.21526979071 13.517724164 0 93 3
