P 19 19 0 38 4
P 16.5286223996 22.9773131503 1 100 5
P 21.4713776004 15.0226868497 2 100 5
P 20.0599276814 2.48084682885 0 100 2
P 17.9400723186 35.5191531711 0 100 2
P 19.943505534 6.02554430014 0 100 1
P 18.056494466 31.9744556999 0 100 1
P 34.7485512767 19.8967077799 0 35 3
P 3.25144872326 18.1032922201 0 35 3
P 24.4702262622 17.2406889693 0 9 5
P 13.5297737378 20.7593110307 0 9 5
P 18.6296543883 33.430756464 0 50 2
P 19.3703456117 4.56924353599 0 50 2
P 14.0023111888 7.88746675405 0 36 4
P 23.9976888112 30.1125332459 0 36 4
P 21.29106876 7.58312517476 0 37 4
P 16.70893124 30.4168748252 0 37 4
P 2.48004879143 17.2202301223 0 39 3
P 35.5199512086 20.7797698777 0 39 3
P 25.2097054441 10.5295369797 0 76 3
P 12.7902945559 27.4704630203 0 76 3
P 27.0077007551 26.3349290404 0 55 2
P 10.9922992449 11.6650709596 0 55 2
P 19.6047809694 25.7676073334 0 42 1
P 18.3952190306 12.2323926666 0 42 1
P 21.5654020366 10.419263973 0 40 5
P 16.4345979634 27.580736027 0 40 5
P 29.8274021839 27.5511966953 0 1 3
P 8.17259781609 10.4488033047 0 1 3
