P 19 19 0 60 1
P 29.108420945 6.23310210959 1 100 5
P 11.5085700575 4.54135783822 2 100 5
P 20.3840064471 4.60166125061 0 39 5
P 26.6389951536 17.8100701831 0 100 4
P 11.7275386052 16.3767414945 0 100 4
P 9.78041669413 19.1309375917 0 22 1
P 28.0258315019 20.8847351765 0 22 1
P 27.0396488994 26.55203789 0 59 2
P 9.66900451236 24.8823255544 0 59 2
P 18.3108781397 12.2021932422 0 88 5
P 20.9713862984 12.4579283313 0 88 5
P 20.7639351669 16.8790824678 0 55 5
P 17.6723660012 16.5819126532 0 55 5
P 32.1045984789 23.426192358 0 62 1
P 5.29222151954 20.848915686 0 62 1
P 32.8355578634 14.8011994715 0 31 1
P 6.21758027984 12.2426089823 0 31 1
P 7.83128233197 8.80557842741 0 37 5
P 31.9061063958 11.1197142661 0 37 5
P 15.6816769712 33.6146700219 0 2 4
P 19.4736849666 33.9791678716 0 2 4
P 25.9829186261 9.38580155735 0 47 2
P 13.9763016979 8.23169374492 0 47 2
P 21.6610458774 23.5870084483 0 68 1
P 15.5139200847 22.9961304397 0 68 1
P 30.9679607465 13.4146058666 0 29 5
P 8.31510747698 11.2371536261 0 29 5
