P 19 19 0 58 3
P 33.0529886464 13.9497151955 1 100 5
P 33.8919213551 17.8943124953 2 100 5
P 31.4534447209 16.3514147789 0 96 3
P 25.120808498 17.6982330357 0 33 5
P 33.4842856051 15.9194977252 0 87 5
P 27.3574065408 17.222555771 0 52 4
P 8.04685050864 22.0611753989 0 100 1
P 7.74909646449 20.6611587033 0 100 1
P 26.3268714768 22.6619045573 0 43 4
P 24.202518214 12.6733583272 0 43 4
P 13.2974439253 18.8336455744 0 21 5
P 13.858697038 21.4726146956 0 21 5
P 6.28093458305 18.9341020969 0 22 4
P 7.40858434521 24.236224855 0 22 4
P 16.757407908 24.0497702419 0 15 3
P 14.8964971341 15.2999104042 0 15 3
P 9.79316761461 9.47250519137 0 70 1
P 14.4672361759 31.4496173442 0 70 1
P 29.7117171079 13.5113975696 0 84 2
P 31.0182097918 19.6544260389 0 84 2
P 35.0294123686 19.2363332799 0 35 5
P 33.545893971 12.2609434723 0 35 5
P 26.8667053481 4.67965812359 0 82 5
P 32.0135142737 28.8795592381 0 82 5
