P 19 19 0 50 1
P 5.64627766549 18.3840388396 1 100 5
P 18.7451706545 32.3654917733 2 100 5
P 11.7346989996 25.8066888891 0 19 5
P 6.60892893839 30.6089017804 0 31 3
P 8.77172999872 28.5826245559 0 41 5
P 26.7744136583 6.94169808147 0 100 4
P 31.5389192003 12.0272201972 0 100 4
P 19.9882211958 30.7089310961 0 96 5
P 7.38026021307 17.2514875383 0 96 5
P 34.8264786255 16.929359923 0 67 1
P 22.0967349084 3.34192831413 0 67 1
P 32.4548443045 28.9102428041 0 47 1
P 9.98685455283 4.92843445656 0 47 1
P 31.018523863 12.938213701 0 91 3
P 25.831469479 7.40167280431 0 91 3
P 11.2929921591 19.2034386661 0 65 4
P 18.295176731 26.6774071997 0 65 4
P 14.6699438443 7.06151763762 0 90 4
P 30.6312114203 24.09820246 0 90 4
P 27.1024336972 22.4468378268 0 17 5
P 16.0880395726 10.6903303741 0 17 5
P 5.69472896927 19.785359122 0 90 3
P 17.3499787446 32.2259009526 0 90 3
P 22.963119805 21.962449192 0 57 5
P 16.3018826043 14.8523999321 0 57 5
P 21.3840660973 4.71697772134 0 68 3
P 33.4079440268 17.550984648 0 68 3
P 33.9712836861 22.7021305438 0 54 4
P 16.2805310205 3.81943366528 0 54 4
