P 19 19 0 61 5
P 10.1117657671 24.9086338152 1 100 5
P 27.8882342329 13.0913661848 2 100 5
P 33.2260610365 9.92590534037 0 100 4
P 4.77393896347 28.0740946596 0 100 4
P 14.566488758 7.2657132401 0 35 3
P 23.433511242 30.7342867599 0 35 3
P 3.9715751936 11.4155565039 0 47 1
P 34.0284248064 26.5844434961 0 47 1
P 12.9034460844 11.0824918425 0 87 3
P 25.0965539156 26.9175081575 0 87 3
P 8.13379086681 25.9449490691 0 44 5
P 29.8662091332 12.0550509309 0 44 5
P 6.74461848267 27.1571062746 0 72 2
P 31.2553815173 10.8428937254 0 72 2
P 22.8985229033 28.241197195 0 2 1
P 15.1014770967 9.75880280504 0 2 1
P 18.2084773782 12.780586968 0 46 1
P 19.7915226218 25.219413032 0 46 1
P 3.86802794842 25.7343367116 0 5 4
P 34.1319720516 12.2656632884 0 5 4
P 9.96404153857 22.8140106928 0 5 4
P 28.0359584614 15.1859893072 0 5 4
