P 19 19 0 94 3
P 6.29644205559 14.0217278015 1 100 5
P 31.7035579444 23.9782721985 2 100 5
P 14.5862864742 30.2629167891 0 11 2
P 23.4137135258 7.73708321089 0 11 2
P 13.4778476673 33.0914315929 0 4 5
P 24.5221523327 4.90856840706 0 4 5
P 10.1274526987 17.7830034355 0 100 5
P 27.8725473013 20.2169965645 0 100 5
P 24.6922206394 25.6785775408 0 79 3
P 13.3077793606 12.3214224592 0 79 3
P 5.10207124922 17.3735581061 0 31 4
P 32.8979287508 20.6264418939 0 31 4
P 18.4682666237 10.1288523176 0 78 4
P 19.5317333763 27.8711476824 0 78 4
P 20.6407674491 17.0481364641 0 93 1
P 17.3592325509 20.9518635359 0 93 1
P 18.411078637 3.43552461316 0 30 2
P 19.588921363 34.5644753868 0 30 2
P 30.7705340842 31.2601111394 0 26 1
P 7.22946591577 6.73988886062 0 26 1
P 26.0621551497 10.2533722394 0 28 1
P 11.9378448503 27.7466277606 0 28 1
P 4.44663727972 27.5660054088 0 97 2
P 33.5533627203 10.4339945912 0 97 2
P 22.6352803174 9.56981438519 0 45 4
P 15.3647196826 28.4301856148 0 45 4
