P 19 19 0 25 0
P 24.1396434976 6.8148641939 1 100 5
P 5.91058843409 20.8870015246 2 100 5
P 14.6402813543 13.3524178747 0 65 5
P 15.356756918 14.2805407458 0 18 5
P 11.4712914232 9.24730643408 0 32 2
P 19.5315244896 7.37755166742 0 116 3
P 7.62167794379 16.5715003168 0 116 3
P 8.11982794495 21.5875934123 0 38 4
P 24.25804677 9.12950215142 0 38 4
P 33.0019362995 23.50997352 0 15 4
P 19.8178501659 33.6875866769 0 15 4
P 8.60552257425 22.6226240828 0 67 1
P 25.1363784386 9.86143195804 0 67 1
P 20.3024110378 31.6459470588 0 92 5
P 30.904134406 23.4618197598 0 92 5
P 21.4247170462 34.4386993214 0 31 1
P 33.3217297967 25.254657874 0 31 1
P 16.3400254265 9.82334323624 0 69 5
P 10.7958367027 14.1032461076 0 69 5
P 8.24871117742 15.169579413 0 20 4
P 18.0165240411 7.62919931324 0 20 4
P 34.5753214759 16.6261633583 0 72 1
P 12.759973085 33.4667827653 0 72 1
