P 19 19 0 6 3
P 21.8016574918 32.0253176947 1 100 5
P 5.87666114164 21.2991657093 2 100 5
P 10.512190276 23.5415371429 0 100 1
P 17.981473664 28.5724123205 0 100 1
P 31.2131774955 11.2454981546 0 36 3
P 21.5957949388 4.76778822374 0 36 3
P 10.3977281014 10.0271282608 0 48 3
P 30.5480937395 23.5992434214 0 48 3
P 25.9851422966 10.8063847363 0 2 1
P 23.9676132835 9.44749445119 0 2 1
P 15.131282617 20.6024217666 0 73 2
P 18.9690738143 23.1873348659 0 73 2
P 27.9160771135 24.2118774796 0 22 1
P 10.8192232587 12.696430387 0 22 1
P 34.23677901 17.410710925 0 22 3
P 14.7461976185 4.28298808644 0 22 3
P 14.9121066614 18.5533131432 0 77 2
P 20.9503269826 22.6203074119 0 77 2
