P 19 19 0 31 0
P 10.904638231 30.0604764333 1 100 5
P 27.095361769 7.93952356671 2 100 5
P 5.20474605668 15.9730450713 0 100 5
P 32.7952539433 22.0269549287 0 100 5
P 4.09831610622 25.9884201328 0 82 3
P 33.9016838938 12.0115798672 0 82 3
P 15.3206336035 14.488307959 0 9 3
P 22.6793663965 23.511692041 0 9 3
P 25.4416644184 22.2335003075 0 100 1
P 12.5583355816 15.7664996925 0 100 1
P 21.8129789943 11.6274316382 0 66 3
P 16.1870210057 26.3725683618 0 66 3
P 30.7796365774 15.4583138425 0 45 3
P 7.22036342263 22.5416861575 0 45 3
