P 19 19 0 69 4
P 6.04621397575 16.6663914584 1 100 5
P 6.0202232308 21.1844212527 2 100 5
P 13.8157967 18.9701769772 0 46 3
P 25.1419665894 30.1450083428 0 100 1
P 25.2697830064 7.92639238557 0 100 1
P 25.4944327706 25.4633231386 0 43 4
P 25.5683632406 12.6118228464 0 43 4
P 33.0558049849 28.2901993721 0 72 1
P 33.1617581199 9.87212702213 0 72 1
P 21.7231355665 13.5872833999 0 28 1
P 21.6606822286 24.4436879397 0 28 1
P 32.0328670894 22.2108405355 0 30 3
P 32.0689451229 15.9393146372 0 30 3
P 19.1181218814 25.4704509175 0 36 4
P 19.1925563679 12.5313363126 0 36 4
P 19.4813912418 33.4063747115 0 93 2
P 19.6471042024 4.60011715303 0 93 2
