P 19 19 0 28 0
P 15.034716301 18.4984540926 1 100 5
P 21.054910249 15.5718274578 2 100 5
P 24.9978083279 31.337743724 0 23 4
P 21.5704990983 34.5012931526 0 100 5
P 29.6027113164 30.596554133 0 100 5
P 3.8841100035 18.2388746931 0 98 1
P 27.7384434001 6.64244971433 0 98 1
P 7.58320764829 26.048792063 0 69 3
P 31.5953893607 14.3756315024 0 69 3
P 26.3598456018 16.4511886978 0 55 5
P 12.4494310071 23.213527288 0 55 5
P 26.6986955894 23.0386003673 0 77 3
P 17.4205839057 27.5490146511 0 77 3
P 28.7355534891 12.8681349107 0 92 4
P 8.16419089826 22.8685930677 0 92 4
P 28.7106250624 6.08544341501 0 44 3
P 2.84555873739 18.6593559291 0 44 3
P 11.1502606331 7.79283945367 0 83 4
P 15.0352306667 5.90421977225 0 83 4
