P 19 19 0 84 4
P 26.7128232621 13.6795115393 1 100 5
P 9.8897763721 16.8093230307 2 100 5
P 21.2331537672 31.003422775 0 8 2
P 20.7195158043 28.2425678299 0 90 5
P 19.7768766145 23.175788781 0 91 5
P 19.3778450809 21.0309547495 0 100 4
P 19.9624866883 24.1734613195 0 6 3
P 35.7052586332 15.9316752328 0 100 5
P 2.30897334747 22.1448230736 0 100 5
P 27.7192002323 32.6111472872 0 60 4
P 15.7592765655 34.8362083462 0 60 4
P 29.4069227756 30.6889654357 0 8 5
P 13.493186234 33.6496060275 0 8 5
P 4.5800206563 26.9104840783 0 15 3
P 35.3000775396 21.1952300176 0 15 3
P 9.31901235155 28.7198138913 0 87 3
P 31.5288677681 24.5878239396 0 87 3
P 23.8931235825 18.090495351 0 51 2
P 14.1071738897 19.9111035918 0 51 2
