P 19 19 0 60 3
P 25.8203955912 23.609897507 1 100 5
P 12.1796044088 14.390102493 2 100 5
P 29.2133573 23.8125620329 0 100 2
P 8.78664269998 14.1874379671 0 100 2
P 11.9786312924 10.2825822142 0 62 5
P 26.0213687076 27.7174177858 0 62 5
P 17.5291368414 10.6897607697 0 64 3
P 20.4708631586 27.3102392303 0 64 3
P 25.7516962912 16.816003963 0 43 4
P 12.2483037088 21.183996037 0 43 4
P 9.74389714354 12.2267043603 0 29 3
P 28.2561028565 25.7732956397 0 29 3
P 33.9949806575 13.5875345647 0 41 5
P 4.00501934245 24.4124654353 0 41 5
P 27.3458618106 7.1960853448 0 56 2
P 10.6541381894 30.8039146552 0 56 2
P 18.5711998187 35.8508822971 0 82 4
P 19.4288001813 2.14911770286 0 82 4
P 24.1987425891 18.2052935801 0 77 3
P 13.8012574109 19.7947064199 0 77 3
P 9.0408646819 6.92605808061 0 78 5
P 28.9591353181 31.0739419194 0 78 5
P 19.0313498185 9.72919709781 0 87 2
P 18.9686501815 28.2708029022 0 87 2
