P 19 19 0 2 5
P 14.8583167887 8.39154082064 1 100 5
P 23.1416832113 29.6084591794 2 100 5
P 4.23836529659 24.7631380381 0 56 2
P 33.7616347034 13.2368619619 0 56 2
P 24.5933904479 23.2939297461 0 100 4
P 13.4066095521 14.7060702539 0 100 4
P 28.3973183456 24.0984683256 0 76 2
P 9.60268165443 13.9015316744 0 76 2
P 25.3028208243 3.29033684247 0 49 4
P 12.6971791757 34.7096631575 0 49 4
P 29.7907014984 9.37851243892 0 41 4
P 8.20929850163 28.6214875611 0 41 4
P 28.7983993939 19.2751923519 0 82 3
P 9.2016006061 18.7248076481 0 82 3
P 16.4235209747 26.6332004797 0 72 2
P 21.5764790253 11.3667995203 0 72 2
P 11.2389247129 6.59382887228 0 83 1
P 26.7610752871 31.4061711277 0 83 1
