P 19 19 0 98 1
P 27.7478319667 17.8927519481 1 100 5
P 10.2521680333 20.1072480519 2 100 5
P 17.5746719334 7.73917149568 0 24 2
P 20.4253280666 30.2608285043 0 24 2
P 23.2984429147 20.865893055 0 100 1
P 14.7015570853 17.134106945 0 100 1
P 23.7796024118 26.0238747703 0 78 1
P 14.2203975882 11.9761252297 0 78 1
P 31.1979074151 28.7652919093 0 100 4
P 6.80209258485 9.23470809074 0 100 4
P 30.7684612118 17.5490803393 0 42 3
P 7.23153878821 20.4509196607 0 42 3
P 21.9618575995 31.9770128343 0 6 4
P 16.0381424005 6.0229871657 0 6 4
P 23.3889935459 10.3265640524 0 52 5
P 14.6110064541 27.6734359476 0 52 5
P 8.11485929085 10.3480542483 0 54 2
P 29.8851407092 27.6519457517 0 54 2
P 5.68177606994 26.4569280986 0 59 2
P 32.3182239301 11.5430719014 0 59 2
