P 19 19 0 36 0
P 13.6536704834 11.627648377 1 100 5
P 24.3463295166 26.372351623 2 100 5
P 9.68743196455 25.753348173 0 97 4
P 28.3125680354 12.246651827 0 97 4
P 33.5606224392 22.1759991944 0 100 3
P 4.43937756082 15.8240008056 0 100 3
P 29.5221884666 7.99545036444 0 62 2
P 8.47781153336 30.0045496356 0 62 2
P 32.8812158046 17.7383559754 0 66 4
P 5.11878419542 20.2616440246 0 66 4
P 17.4288745244 33.2557045178 0 93 3
P 20.5711254756 4.74429548221 0 93 3
P 24.0248255281 4.77455646767 0 33 2
P 13.9751744719 33.2254435323 0 33 2
P 23.0520865566 32.4400538403 0 64 3
P 14.9479134434 5.55994615974 0 64 3
P 20.9670982512 8.80620396705 0 93 3
P 17.0329017488 29.1937960329 0 93 3
P 24.3496409138 22.2994567426 0 5 5
P 13.6503590862 15.7005432574 0 5 5
