P 19 19 0 68 5
P 18.5394208884 4.72946271917 1 100 5
P 19.4605791116 33.2705372808 2 100 5
P 16.7192870138 33.2272544592 0 120 2
P 21.2807129862 4.77274554082 0 120 2
P 19.1340411064 23.4584157166 0 99 3
P 18.8659588936 14.5415842834 0 99 3
P 17.2093539072 24.425607623 0 43 2
P 20.7906460928 13.574392377 0 43 2
P 14.024814345 17.6999689074 0 27 1
P 23.975185655 20.3000310926 0 27 1
P 28.0805666241 11.6265014706 0 88 4
P 9.91943337592 26.3734985294 0 88 4
P 34.0002111246 13.1044915626 0 91 2
P 3.99978887543 24.8955084374 0 91 2
P 22.7429047444 8.71691605972 0 60 3
P 15.2570952556 29.2830839403 0 60 3
P 13.411509268 32.63296432 0 83 5
P 24.588490732 5.36703567999 0 83 5
P 4.10140819952 13.9828852443 0 48 4
P 33.8985918005 24.0171147557 0 48 4
P 25.9055237565 26.5054112765 0 41 3
P 12.0944762435 11.4945887235 0 41 3
