P 19 19 0 13 0
P 31.9603459381 14.0279669726 1 100 5
P 6.03965406186 23.9720330274 2 100 5
P 13.0452874948 3.47815338227 0 61 4
P 24.9547125052 34.5218466177 0 61 4
P 7.26219872268 13.7004948809 0 101 4
P 30.7378012773 24.2995051191 0 101 4
P 19.6161933638 27.5066812816 0 33 2
P 18.3838066362 10.4933187184 0 33 2
P 2.2579996522 19.2910420936 0 90 3
P 35.7420003478 18.7089579064 0 90 3
P 3.73387141544 25.0907410882 0 43 4
P 34.2661285846 12.9092589118 0 43 4
P 7.35394283312 24.5141088537 0 51 1
P 30.6460571669 13.4858911463 0 51 1
