P 19 19 0 93 2
P 12.1502373981 27.577591779 1 100 5
P 27.9497444867 25.3558163953 2 100 5
P 20.9949594986 12.9372786746 0 100 3
P 15.4103580461 13.7226025436 0 100 3
P 24.9269033896 22.6324016451 0 45 1
P 14.304747199 24.1261219879 0 45 1
P 9.0849126826 24.7218424765 0 48 4
P 30.1085934081 21.7654276943 0 48 4
P 9.37732627664 31.2238575764 0 30 2
P 31.620726843 28.0959220307 0 30 2
P 22.3283386653 9.56521261302 0 50 5
P 13.1987008013 10.8490504286 0 50 5
P 14.3466562406 35.3458674063 0 61 5
P 27.9809403307 33.4285723543 0 61 5
P 15.9066435382 4.90972956778 0 69 5
P 18.0873978558 4.60306517417 0 69 5
P 26.4371227352 20.1949987534 0 74 5
P 12.1808811374 22.1997553871 0 74 5
P 13.4529768343 8.57835124443 0 92 4
P 21.457682562 7.45270485309 0 92 4
P 26.9025593834 24.0602763645 0 16 4
P 12.7995096453 26.0434906867 0 16 4
P 28.4319373749 7.60331813385 0 49 2
P 6.79074100284 10.6465698696 0 49 2
P 12.0481406184 34.0177003977 0 98 4
P 29.8240147492 31.5180021891 0 98 4
