P 19 19 0 51 4
P 31.3672134652 20.8323706458 1 100 5
P 6.6327865348 17.1676293542 2 100 5
P 17.2531467912 30.7900308954 0 86 2
P 20.7468532088 7.20996910457 0 86 2
P 18.1634023847 24.646445667 0 56 4
P 19.8365976153 13.353554333 0 56 4
P 13.7791401778 28.3360637473 0 100 1
P 24.2208598222 9.66393625268 0 100 1
P 21.2317328243 30.2512063418 0 63 3
P 16.7682671757 7.74879365818 0 63 3
P 22.831483873 5.2393396035 0 50 5
P 15.168516127 32.7606603965 0 50 5
P 33.510570465 24.3545009285 0 52 1
P 4.48942953503 13.6454990715 0 52 1
P 17.0181831672 5.97564805414 0 60 3
P 20.9818168328 32.0243519459 0 60 3
P 28.7761157007 12.1784665027 0 23 4
P 9.22388429932 25.8215334973 0 23 4
