P 19 19 0 27 5
P 29.276362779 31.8757441592 1 100 5
P 8.576902025 6.24274919027 2 100 5
P 26.1398938589 13.2343080511 0 72 1
P 31.5196811175 8.88995830344 0 86 5
P 30.6799667356 9.56805444138 0 85 1
P 28.8491524454 11.0464953568 0 89 5
P 16.7698175316 29.1173107101 0 154 1
P 8.63992195196 19.0497261016 0 154 1
P 9.94917053555 8.90695498243 0 40 3
P 26.9608596426 29.9732304027 0 40 3
P 11.5778794363 30.104011534 0 66 2
P 6.58205386842 23.9174749296 0 66 2
P 18.6703909674 12.5319675861 0 31 1
P 25.2535972099 20.6842230724 0 31 1
P 9.10068394318 8.2251822915 0 35 3
P 27.4486755624 30.9462561619 0 35 3
P 6.17289065584 16.0448646996 0 47 2
P 19.1878085601 32.1617736919 0 47 2
P 3.21908842624 14.8029960822 0 14 1
P 19.7798353805 35.3108512581 0 14 1
P 11.9280132852 21.7508996292 0 77 5
P 14.8215995627 25.3341467184 0 77 5
P 2.50823181008 21.33709519 0 45 3
P 13.2425569974 34.6298522715 0 45 3
