P 19 19 0 87 4
P 3.42439356312 23.5520166513 1 100 5
P 34.5756064369 14.4479833487 2 100 5
P 32.9802634885 26.8280070357 0 100 4
P 5.01973651147 11.1719929643 0 100 4
P 18.0528265683 12.9121971244 0 60 5
P 19.9471734317 25.0878028756 0 60 5
P 3.985771812 22.5560982345 0 84 5
P 34.014228188 15.4439017655 0 84 5
P 19.1435839401 32.2731437548 0 54 1
P 18.8564160599 5.72685624523 0 54 1
P 10.6128969936 20.5006380577 0 81 5
P 27.3871030064 17.4993619423 0 81 5
P 30.7237019002 18.6968913056 0 48 1
P 7.27629809976 19.3031086944 0 48 1
P 29.182792128 29.846998223 0 8 5
P 8.81720787203 8.15300177695 0 8 5
