P 19 19 0 99 3
P 21.6796286776 10.8059174755 1 100 5
P 17.9900142248 10.4382637858 2 100 5
P 17.773086404 31.3127776566 0 29 2
P 17.5493336325 33.5582643265 0 34 1
P 18.2373445883 26.6536820059 0 30 2
P 23.9408803295 34.8412190821 0 100 3
P 11.0302976883 33.554736875 0 100 3
P 30.8361925196 30.0850203203 0 33 2
P 5.20911871085 27.5313962592 0 33 2
P 32.6988565665 23.4655004674 0 65 5
P 4.68932217462 20.6744747929 0 65 5
P 2.84416897506 16.712081147 0 8 2
P 35.2896342058 19.9451276238 0 8 2
P 26.282276602 14.2273521447 0 85 2
P 12.8027115108 12.884173364 0 85 2
P 12.8620681383 29.9460660417 0 79 4
P 22.8572337815 30.9420398962 0 79 4
P 18.0310953487 14.3278525921 0 61 1
P 20.8718159309 14.6109177787 0 61 1
P 23.7612723847 9.54248545888 0 46 1
P 16.1986176292 8.7889005083 0 46 1
P 23.4346578489 22.0435783799 0 29 1
P 14.0519471806 21.1086329429 0 29 1
