P 19 19 0 49 3
P 24.4636972529 15.0291397012 1 100 5
P 24.4683677912 22.9644259211 2 100 5
P 6.94663646996 19.0070943498 0 78 1
P 2.82967135675 19.0095175067 0 100 4
P 5.63026950502 19.007869135 0 30 3
P 16.937661238 19.0012138481 0 64 3
P 4.05072379678 19.0087988216 0 10 1
P 8.67497776045 25.0639354801 0 100 5
P 8.66784671331 12.948222888 0 100 5
P 20.4510304824 32.5472473992 0 75 5
P 20.4350822473 5.45105389706 0 75 5
P 24.0502017362 26.862782571 0 95 3
P 24.0409425119 11.1312779991 0 95 3
P 16.7068542105 6.24956760699 0 55 4
P 16.7218650531 31.7531229503 0 55 4
