P 19 19 0 77 1
P 28.9692653075 10.3074987212 1 100 5
P 14.558857555 6.54118452517 2 100 5
P 17.6727136767 24.0783700263 0 79 5
P 14.8641162709 34.8244288317 0 61 4
P 9.42847265563 10.6685520613 0 100 5
P 31.4240485218 16.4173310729 0 100 5
P 34.5160314051 14.9362564673 0 68 3
P 7.45658890937 7.8639817503 0 68 3
P 29.6081704248 27.8680333973 0 13 3
P 5.40932757516 21.5434069941 0 13 3
P 15.2248961712 27.1611086806 0 25 2
P 18.2991193609 27.9645897923 0 25 2
P 34.6990080519 22.414234473 0 33 4
P 3.63805409423 14.2961219364 0 33 4
P 27.1277246978 32.1591663866 0 55 5
P 5.47292425106 26.4994526757 0 55 5
P 18.9105016109 13.1173366483 0 53 4
P 21.9564269866 13.9134218237 0 53 4
