P 19 19 0 79 3
P 3.34128677186 25.5638126631 1 100 5
P 25.664567443 3.38390325866 2 100 5
P 11.8036422151 11.7571248506 0 94 1
P 10.1400134283 10.0827423424 0 24 5
P 17.1040541605 23.8081017554 0 100 2
P 23.8202177665 17.1350727091 0 100 2
P 7.14174510358 10.5245872887 0 44 4
P 10.6011674168 7.08738311473 0 44 4
P 5.4288707003 21.4826854241 0 14 3
P 21.5700743551 5.44514864731 0 14 3
P 12.9621388929 33.9259302443 0 21 2
P 33.9645231105 13.0584338361 0 21 2
P 27.2087763931 17.8695980427 0 99 2
P 17.8167313452 27.2013226828 0 99 2
