P 19 19 0 10 3
P 3.32216724955 20.5965798464 1 100 5
P 34.6778327505 17.4034201536 2 100 5
P 17.5483767463 4.74558820835 0 67 1
P 20.4516232537 33.2544117916 0 67 1
P 18.6543151261 15.6055004077 0 59 4
P 19.3456848739 22.3944995923 0 59 4
P 21.5977011435 33.918787141 0 100 4
P 16.4022988565 4.08121285896 0 100 4
P 9.56376911112 13.3227345003 0 19 2
P 28.4362308889 24.6772654997 0 19 2
P 35.219498233 19.413717486 0 4 4
P 2.78050176704 18.586282514 0 4 4
P 29.2430421234 21.6756594127 0 21 3
P 8.75695787656 16.3243405873 0 21 3
P 16.6432508952 9.5523949416 0 13 5
P 21.3567491048 28.4476050584 0 13 5
P 26.5310196235 27.6334321927 0 59 1
P 11.4689803765 10.3665678073 0 59 1
P 22.8916724234 28.1474405551 0 55 1
P 15.1083275766 9.8525594449 0 55 1
