P 19 19 0 87 5
P 19.8984010524 5.5603883341 1 100 5
P 18.1015989476 32.4396116659 2 100 5
P 11.810284281 18.5193872912 0 20 2
P 26.189715719 19.4806127088 0 20 2
P 23.9114636961 25.1484305011 0 100 3
P 14.0885363039 12.8515694989 0 100 3
P 14.5890532341 21.7913836061 0 84 4
P 23.4109467659 16.2086163939 0 84 4
P 23.76508217 32.8215680499 0 3 1
P 14.23491783 5.17843195008 0 3 1
P 25.6613296628 25.7134481878 0 41 5
P 12.3386703372 12.2865518122 0 41 5
P 8.60385787885 9.99687660044 0 45 5
P 29.3961421211 28.0031233996 0 45 5
P 21.659662246 7.33268257075 0 6 3
P 16.340337754 30.6673174292 0 6 3
