P 19 19 0 64 2
P 14.2203108526 26.5584873219 1 100 5
P 13.2813769368 12.1244266274 2 100 5
P 26.8532600596 18.4891463757 0 60 2
P 32.7937821653 18.1027161257 0 30 5
P 35.8072883543 17.9066879097 0 45 4
P 8.83777733231 23.3222643756 0 100 5
P 8.36346145983 16.0306925447 0 100 5
P 24.2140289263 28.6390061157 0 19 3
P 22.921340349 8.76673920933 0 19 3
P 20.4683226139 24.2887128577 0 90 3
P 19.7707875752 13.5656332932 0 90 3
P 27.633722026 32.6787995794 0 86 4
P 25.78885306 4.31796376227 0 86 4
P 34.6241675958 22.9691870403 0 72 3
P 33.9782834444 13.0401271924 0 72 3
P 21.4455410878 4.56461880114 0 23 1
P 23.2950579603 32.9969060398 0 23 1
P 19.74875629 22.8601192251 0 17 3
P 19.2423618022 15.075408662 0 17 3
P 24.1076982884 8.29308551326 0 54 5
P 25.4517516323 28.9549736567 0 54 5
P 24.2289140534 24.8889497052 0 25 1
P 23.4219257084 12.4832643266 0 25 1
P 21.386437736 28.6592639241 0 77 1
P 20.114953726 9.11297098157 0 77 1
P 19.1476833751 7.21077718894 0 40 1
P 20.673751057 30.6707387199 0 40 1
