P 19 19 0 95 0
P 11.5105229386 5.25045342285 1 100 5
P 3.89025691844 14.8965914487 2 100 5
P 6.50365843558 9.12812726241 0 5 5
P 20.7861539804 32.4675303896 0 100 3
P 32.5152151626 17.6202609141 0 100 3
P 7.61723781741 18.8943633296 0 96 5
P 16.2624188599 7.95083335663 0 96 5
P 7.81885167436 21.8833141038 0 11 3
P 19.2168613585 7.45510722213 0 11 3
P 35.4144627257 23.0757786957 0 60 4
P 26.7646062719 34.0252270529 0 60 4
P 24.671395541 22.1960724763 0 66 1
P 23.4220512243 23.7775589611 0 66 1
P 12.1954095374 29.7063394309 0 28 5
P 27.840481193 9.90197561821 0 28 5
P 22.0999899981 15.3371647861 0 47 3
P 16.1542104646 22.8636487565 0 47 3
