P 19 19 0 78 1
P 34.7260678275 21.6638691486 1 100 5
P 9.14832145866 31.5439163771 2 100 5
P 22.5915374868 28.2978740675 0 40 5
P 21.4626492631 25.3753762296 0 10 4
P 23.4425890284 30.5011004261 0 74 1
P 32.3419196844 20.7961179279 0 100 2
P 10.330031864 29.2987626925 0 100 2
P 33.0657767117 10.1870040869 0 18 2
P 2.66221073327 21.9311453982 0 18 2
P 32.3031828748 17.5148939698 0 26 4
P 8.15292169609 26.8435391751 0 26 4
P 25.3398558502 6.33495763148 0 71 2
P 5.79240739932 13.8856507655 0 71 2
P 28.1020635321 32.0295201994 0 24 1
P 21.0205216633 34.7649436846 0 24 1
P 11.8268174794 32.75700937 0 100 2
P 33.558597827 24.3625631551 0 100 2
P 11.680268199 24.1024088146 0 23 1
P 27.8490759064 17.8568005631 0 23 1
