P 19 19 0 73 0
P 29.5662952369 28.501598303 1 100 5
P 31.9484815164 13.1464718533 2 100 5
P 28.5850239138 20.4870155925 0 83 4
P 26.8046962132 20.210816485 0 60 2
P 33.338576561 21.2244792619 0 76 5
P 9.91223603591 32.6513613091 0 100 5
P 14.4755874949 3.23685275898 0 100 5
P 32.4477954706 25.4884412358 0 34 3
P 33.781590112 16.8910508664 0 34 3
P 25.5824069357 32.4200204283 0 30 5
P 29.339085981 8.20517112498 0 30 5
P 10.2026840769 23.5436608319 0 95 1
P 11.992871828 12.0044459843 0 95 1
P 29.8478326064 17.8317915474 0 68 1
P 28.9839767653 23.4000444538 0 68 1
P 11.8048430513 23.4542876265 0 57 1
P 13.4926421458 12.5750508763 0 57 1
P 26.253924623 29.2845707963 0 32 2
P 29.0290396534 11.3966992345 0 32 2
P 29.6964060707 15.9761590879 0 80 4
P 28.2774363031 25.1225723623 0 80 4
P 32.5892924174 26.5025174073 0 99 4
P 34.2236874542 15.9675132074 0 99 4
P 10.7711657764 8.99953875712 0 8 3
P 8.12795793461 26.0371612941 0 8 3
P 30.6492137826 7.64833922135 0 92 1
P 26.6622393404 33.3476295072 0 92 1
