P 19 19 0 27 1
P 7.08840808186 16.8343270822 1 100 5
P 10.264821587 27.3828884821 2 100 5
P 9.67488965213 21.8080043641 0 84 2
P 34.1121105181 15.8610504779 0 100 1
P 33.332627888 13.272464209 0 100 1
P 29.9244377184 30.5897600705 0 34 4
P 21.70839588 3.30508140471 0 34 4
P 21.6767990255 32.6809520435 0 98 4
P 13.677409962 6.1157562455 0 98 4
P 10.0082969683 14.6321662888 0 1 3
P 13.9151941076 27.6065930412 0 1 3
P 21.2966623934 30.4377538721 0 7 4
P 14.5991226403 8.19587346182 0 7 4
P 19.8245455909 14.8906486072 0 98 4
P 21.9565357164 21.9707811866 0 98 4
P 12.2212395825 13.2900418555 0 34 4
P 16.50127414 27.5036218099 0 34 4
P 9.33687846919 29.8251921326 0 75 5
P 4.96617275134 15.3105020421 0 75 5
P 10.5130913283 23.5678874423 0 65 1
P 9.40195363331 19.8779068462 0 65 1
P 12.1799277906 30.7468334883 0 43 3
P 6.8275898899 12.972238056 0 43 3
P 4.150434066 20.1546874726 0 49 4
P 5.98192673928 26.2368971366 0 49 4
P 23.9470725698 31.7019158215 0 38 3
P 16.110799313 5.6784118087 0 38 3
P 17.6754758135 12.8510911733 0 96 1
P 21.2909956457 24.8578821284 0 96 1
