P 19 19 0 89 5
P 14.8646571352 12.2896572375 1 100 5
P 23.1353428648 25.7103427625 2 100 5
P 11.5366879287 30.7151386159 0 100 3
P 26.4633120713 7.2848613841 0 100 3
P 26.2495544465 5.88392884097 0 54 3
P 11.7504455535 32.116071159 0 54 3
P 5.80413153867 9.39048702143 0 25 5
P 32.1958684613 28.6095129786 0 25 5
P 17.9360650556 27.9208174544 0 5 1
P 20.0639349444 10.0791825456 0 5 1
P 29.1483680362 19.9404945697 0 87 4
P 8.85163196382 18.0595054303 0 87 4
P 16.4139647297 33.8709980852 0 83 3
P 21.5860352703 4.1290019148 0 83 3
P 16.3435046179 11.6020735523 0 67 5
P 21.6564953821 26.3979264477 0 67 5
P 34.0782720709 13.939898694 0 50 4
P 3.9217279291 24.060101306 0 50 4
P 7.82619815397 12.2194760013 0 53 3
P 30.173801846 25.7805239987 0 53 3
P 8.8725854067 8.14590887558 0 13 2
P 29.1274145933 29.8540911244 0 13 2
P 24.1781188033 15.9142490411 0 42 3
P 13.8218811967 22.0857509589 0 42 3
