P 19 19 0 98 5
P 26.3554491371 33.1905978714 1 100 5
P 7.15345877665 8.26989464176 2 100 5
P 12.8284636882 23.7553144739 0 71 1
P 9.6291563163 26.2204563581 0 89 4
P 6.22343891553 28.8446420441 0 96 4
P 11.8223834242 24.5305230767 0 100 3
P 7.39263677388 27.9437474827 0 2 3
P 6.82225665836 9.34454766996 0 100 3
P 25.2318695228 33.236888524 0 100 3
P 14.2948633031 3.8662842138 0 41 3
P 32.4341568635 27.4077996051 0 41 3
P 6.54044680487 26.7876897829 0 18 4
P 8.293241914 29.0625001498 0 18 4
P 17.9057535764 35.0287280194 0 100 2
P 3.22193186438 15.9717888014 0 100 2
P 21.8822863639 34.9233038055 0 1 1
P 4.33763440527 12.1535254377 0 1 1
P 22.7559622395 9.77717671494 0 41 4
P 28.8756122238 17.7193732407 0 41 4
P 28.0901922245 21.1347491968 0 32 3
P 19.2532055579 9.6659421602 0 32 3
P 16.5661988897 7.57063062084 0 14 4
P 29.4312552716 24.2671420817 0 14 4
P 34.7243137363 20.1062676336 0 26 1
P 21.9389810042 3.51322302053 0 26 1
P 5.3067360709 16.8000740536 0 26 4
P 17.6363284623 32.8016503049 0 26 4
