P 19 19 0 91 0
P 15.6102839762 34.97247264 1 100 5
P 11.6800298595 4.40451802443 2 100 5
P 35.0143312947 16.9409681711 0 79 5
P 33.2448859627 17.1684734095 0 20 1
P 28.0448317657 8.904319128 0 147 1
P 30.3045200648 26.479276706 0 147 1
P 13.479979459 33.6907992081 0 36 1
P 9.94323434478 6.18340123071 0 36 1
P 7.92204650637 10.2137121727 0 93 3
P 10.5049960961 30.3028676036 0 93 3
P 4.98622336792 19.5750673216 0 23 1
P 5.29654896659 21.9886565031 0 23 1
P 17.7573256293 33.449902989 0 32 2
P 14.1423984357 5.33443586875 0 32 2
P 8.03342413427 26.8222634056 0 40 2
P 6.41133968388 14.2063351754 0 40 2
