P 19 19 0 62 2
P 6.17232325661 15.6929269271 1 100 5
P 31.8276767434 22.3070730729 2 100 5
P 3.2232545795 16.8543638016 0 100 4
P 34.7767454205 21.1456361984 0 100 4
P 18.3851031997 7.61296479207 0 53 2
P 19.6148968003 30.3870352079 0 53 2
P 17.1566483874 13.7893917775 0 98 4
P 20.8433516126 24.2106082225 0 98 4
P 27.0323893552 26.3575693294 0 72 1
P 10.9676106448 11.6424306706 0 72 1
P 31.6094417454 15.7125473173 0 39 2
P 6.39055825462 22.2874526827 0 39 2
P 26.4985472072 17.9856004575 0 90 3
P 11.5014527928 20.0143995425 0 90 3
P 11.654175719 18.8189668207 0 87 1
P 26.345824281 19.1810331793 0 87 1
P 3.1708730824 19.44073271 0 36 4
P 34.8291269176 18.55926729 0 36 4
P 31.0678636515 20.4662163239 0 67 3
P 6.93213634848 17.5337836761 0 67 3
P 25.2001946105 7.19427662317 0 29 1
P 12.7998053895 30.8057233768 0 29 1
P 8.37377789044 25.6706693631 0 73 4
P 29.6262221096 12.3293306369 0 73 4
P 12.6239738029 24.3340485566 0 60 2
P 25.3760261971 13.6659514434 0 60 2
