P 19 19 0 46 0
P 29.5048496939 13.1012282581 1 100 5
P 9.39572277543 26.2735984319 2 100 5
P 14.752700772 12.5160128276 0 1 1
P 17.5574210761 16.797738578 0 44 3
P 10.8055976806 6.49030933021 0 13 2
P 13.5579585355 10.6921024037 0 60 5
P 10.1583343191 5.50218791294 0 33 2
P 27.6291064076 20.6850652187 0 100 2
P 17.0974391199 27.5837744777 0 100 2
P 16.0438749466 6.57480636766 0 56 3
P 8.79037386091 11.3261713446 0 56 3
P 16.0125433832 9.1980644712 0 91 1
P 11.207720016 12.345436919 0 91 1
P 9.35809729044 17.8316103136 0 72 1
P 21.7808256122 9.69417218974 0 72 1
P 6.79940779486 29.3209469457 0 97 4
P 33.3356814535 11.9385105484 0 97 4
P 8.91501439463 30.2363942438 0 3 1
P 33.329720741 14.2436785489 0 3 1
P 13.3993445404 22.6039209434 0 75 2
P 24.5412906898 15.305451958 0 75 2
P 10.6923820316 8.41308486109 0 39 2
P 12.6135004089 7.15466710302 0 39 2
