P 19 19 0 58 5
P 17.499612194 10.0744036831 1 100 5
P 20.500387806 27.9255963169 2 100 5
P 12.2117234708 20.1411055314 0 87 2
P 25.7882765292 17.8588944686 0 87 2
P 4.3286681682 21.4662427693 0 59 2
P 33.6713318318 16.5337572307 0 59 2
P 18.5683424778 34.4140371167 0 129 4
P 19.4316575222 3.58596288327 0 129 4
P 32.5427829949 26.8528713741 0 95 5
P 5.45721700513 11.1471286259 0 95 5
P 32.2677328959 23.8905569748 0 75 2
P 5.73226710407 14.1094430252 0 75 2
P 19.4622851475 8.63892418383 0 47 4
P 18.5377148525 29.3610758162 0 47 4
P 16.4140994514 28.8344537255 0 30 1
P 21.5859005486 9.16554627455 0 30 1
P 6.88657531143 13.4156854873 0 38 3
P 31.1134246886 24.5843145127 0 38 3
P 15.7881172379 32.3629795737 0 78 2
P 22.2118827621 5.63702042631 0 78 2
P 13.8493482682 28.3458958138 0 63 1
P 24.1506517318 9.65410418617 0 63 1
P 28.990524798 19.7019584119 0 10 4
P 9.00947520198 18.2980415881 0 10 4
P 19.4638275309 7.10447740427 0 82 2
P 18.5361724691 30.8955225957 0 82 2
P 30.8529575185 11.8902136412 0 25 5
P 7.14704248153 26.1097863588 0 25 5
