P 19 19 0 28 0
P 14.4013839193 10.6057567572 1 100 5
P 23.5986160807 27.3942432428 2 100 5
P 12.4578163685 22.5840027481 0 76 4
P 25.5421836315 15.4159972519 0 76 4
P 19.1042005064 4.93676373844 0 100 3
P 18.8957994936 33.0632362616 0 100 3
P 24.3107538679 18.5959132861 0 36 5
P 13.6892461321 19.4040867139 0 36 5
P 10.4711705581 28.9402560363 0 63 3
P 27.5288294419 9.05974396365 0 63 3
P 24.4415356309 13.822518538 0 11 5
P 13.5584643691 24.177481462 0 11 5
P 29.9819732351 25.3456989996 0 74 4
P 8.01802676486 12.6543010004 0 74 4
P 23.6380722789 24.5941171223 0 79 5
P 14.3619277211 13.4058828777 0 79 5
P 15.6389734741 34.3145249055 0 62 5
P 22.3610265259 3.68547509449 0 62 5
P 7.51243602957 25.5914178222 0 79 3
P 30.4875639704 12.4085821778 0 79 3
P 26.4713512264 10.2600213642 0 32 4
P 11.5286487736 27.7399786358 0 32 4
P 29.7318382855 19.8929035309 0 36 3
P 8.26816171449 18.1070964691 0 36 3
P 27.7008068756 6.88219853469 0 24 5
P 10.2991931244 31.1178014653 0 24 5
P 9.91678397271 7.03182977499 0 82 3
P 28.0832160273 30.968170225 0 82 3
