P 19 19 0 70 5
P 25.4388155157 11.5099855899 1 100 5
P 13.9593656256 10.5058451738 2 100 5
P 15.1525588929 30.8180075893 0 100 1
P 20.73720015 31.3065121823 0 100 1
P 23.886001601 8.47627465862 0 1 2
P 16.0153019751 7.7878019815 0 1 2
P 25.6023894248 32.9114284512 0 33 5
P 10.082615056 31.5538692613 0 33 5
P 4.52026973227 15.2944288261 0 99 1
P 33.9031807253 17.8646363495 0 99 1
P 2.67881810383 21.7751526773 0 81 1
P 34.591500782 24.5666465879 0 81 1
P 20.7654361534 8.5402088318 0 84 1
P 19.0773759288 8.39254936095 0 84 1
P 26.8023644721 22.791325564 0 34 3
P 10.6578887804 21.3791219572 0 34 3
