P 19 19 0 59 5
P 15.2488130502 24.5393714912 1 100 5
P 22.7511869498 13.4606285088 2 100 5
P 10.8980853217 30.9812260073 0 100 5
P 27.1019146783 7.01877399268 0 100 5
P 5.20212060008 12.8913916601 0 84 5
P 32.7978793999 25.1086083399 0 84 5
P 9.25665550606 27.5530716015 0 77 2
P 28.7433444939 10.4469283985 0 77 2
P 26.8842923895 29.5874820939 0 32 3
P 11.1157076105 8.41251790614 0 32 3
P 10.7377401832 17.009045129 0 22 2
P 27.2622598168 20.990954871 0 22 2
P 5.54286230803 20.3509625927 0 72 3
P 32.457137692 17.6490374073 0 72 3
P 33.8762204246 22.2074418799 0 74 5
P 4.12377957536 15.7925581201 0 74 5
P 11.52868475 27.3251219351 0 50 5
P 26.47131525 10.6748780649 0 50 5
P 12.1109959517 28.6672569889 0 32 4
P 25.8890040483 9.33274301108 0 32 4
