P 19 19 0 89 0
P 11.6751108703 25.1838435064 1 100 5
P 9.71798970665 21.3954553197 2 100 5
P 9.38808064557 23.9656185862 0 78 3
P 9.09496332615 32.3613833225 0 100 5
P 2.37121726775 19.3462667261 0 100 5
P 23.9181753717 4.95550114202 0 32 5
P 33.3001395739 23.1161153197 0 32 5
P 3.43851126054 22.589408405 0 38 4
P 7.06760364414 29.6142216716 0 38 4
P 27.3615556012 23.6749229767 0 1 4
P 20.0259335098 9.4754014602 0 1 4
P 13.053717567 3.73740217913 0 70 4
P 28.0065978956 32.6816066805 0 70 4
P 27.7932175699 6.32187830508 0 98 4
P 34.4281621124 19.1651023177 0 98 4
