P 19 19 0 14 0
P 25.3799614526 6.9053545059 1 100 5
P 12.6200385474 31.0946454941 2 100 5
P 7.1375093094 12.7425008963 0 29 5
P 30.8624906906 25.2574991037 0 29 5
P 27.9096573438 7.45476220729 0 100 1
P 10.0903426562 30.5452377927 0 100 1
P 33.3602224119 25.9945828373 0 84 5
P 4.6397775881 12.0054171627 0 84 5
P 14.0215784236 24.6716186446 0 31 3
P 23.9784215764 13.3283813554 0 31 3
P 27.5164392801 29.6435163176 0 80 1
P 10.4835607199 8.35648368243 0 80 1
P 7.2486826373 8.27654448588 0 33 1
P 30.7513173627 29.7234555141 0 33 1
P 17.0871379693 13.6470964848 0 80 3
P 20.9128620307 24.3529035152 0 80 3
P 30.9627131104 16.4302716646 0 15 5
P 7.03728688962 21.5697283354 0 15 5
P 15.5781572718 33.6985458746 0 31 2
P 22.4218427282 4.30145412543 0 31 2
P 11.5121982691 9.74366352037 0 59 5
P 26.4878017309 28.2563364796 0 59 5
