P 19 19 0 21 3
P 31.13982176 16.2551461263 1 100 5
P 6.86017823995 21.7448538737 2 100 5
P 16.8081699506 9.30606824532 0 46 4
P 21.1918300494 28.6939317547 0 46 4
P 22.7082403935 17.9232191194 0 100 5
P 15.2917596065 20.0767808806 0 100 5
P 3.87202261864 15.0980063824 0 68 4
P 34.1279773814 22.9019936176 0 68 4
P 7.58568500716 8.5964787038 0 98 4
P 30.4143149928 29.4035212962 0 98 4
P 25.6745350792 19.5278646365 0 80 3
P 12.3254649208 18.4721353635 0 80 3
P 6.74504510191 16.7106820948 0 34 3
P 31.2549548981 21.2893179052 0 34 3
P 6.04000016083 19.6078166945 0 91 2
P 31.9599998392 18.3921833055 0 91 2
P 35.3856705645 21.1704149618 0 94 2
P 2.61432943545 16.8295850382 0 94 2
P 14.8782317203 24.3278730483 0 39 3
P 23.1217682797 13.6721269517 0 39 3
P 12.4243285892 22.4255253812 0 58 3
P 25.5756714108 15.5744746188 0 58 3
