P 19 19 0 95 0
P 16.6305339612 27.3618715723 1 100 5
P 21.3694660388 10.6381284277 2 100 5
P 6.48921861574 22.3483191612 0 100 4
P 31.5107813843 15.6516808388 0 100 4
P 15.0829121194 24.1519785647 0 35 2
P 22.9170878806 13.8480214353 0 35 2
P 26.6122249984 19.6895880441 0 65 3
P 11.3877750016 18.3104119559 0 65 3
P 17.4736552041 6.6941960008 0 85 4
P 20.5263447959 31.3058039992 0 85 4
P 8.75914777705 6.75280133136 0 2 5
P 29.2408522229 31.2471986686 0 2 5
P 24.9827754946 34.1788250897 0 46 2
P 13.0172245054 3.82117491033 0 46 2
P 12.3916643088 24.9361887424 0 93 1
P 25.6083356912 13.0638112576 0 93 1
P 13.4883351248 26.5346690693 0 62 3
P 24.5116648752 11.4653309307 0 62 3
P 16.3466571001 15.1518145902 0 59 2
P 21.6533428999 22.8481854098 0 59 2
P 6.19764016363 8.43361155491 0 19 4
P 31.8023598364 29.5663884451 0 19 4
