P 19 19 0 71 1
P 11.6255167656 28.3127900423 1 100 5
P 26.3744832344 9.68720995773 2 100 5
P 17.8107039003 27.3139808941 0 105 4
P 20.1892960997 10.6860191059 0 105 4
P 32.1866371637 21.1689818817 0 84 3
P 5.81336283628 16.8310181183 0 84 3
P 27.2645851172 5.56528004579 0 98 3
P 10.7354148828 32.4347199542 0 98 3
P 19.4508888912 28.2509258566 0 32 2
P 18.5491111088 9.74907414342 0 32 2
P 9.79170902602 14.872063975 0 20 3
P 28.208290974 23.127936025 0 20 3
P 14.0349267011 30.4635805153 0 25 2
P 23.9650732989 7.53641948469 0 25 2
P 9.03360244523 30.9546422919 0 91 3
P 28.9663975548 7.04535770814 0 91 3
P 10.8862991429 23.751883477 0 57 1
P 27.1137008571 14.248116523 0 57 1
P 31.2488436623 20.0396490314 0 91 4
P 6.7511563377 17.9603509686 0 91 4
P 22.3679383408 6.80436040242 0 98 5
P 15.6320616592 31.1956395976 0 98 5
