P 19 19 0 47 2
P 14.9063831058 25.5198831683 1 100 5
P 23.0936168942 12.4801168317 2 100 5
P 12.7196247237 15.0567621123 0 76 4
P 25.2803752763 22.9432378877 0 76 4
P 14.0812904068 3.68921547333 0 100 2
P 23.9187095932 34.3107845267 0 100 2
P 24.8924386799 4.92005635362 0 46 3
P 13.1075613201 33.0799436464 0 46 3
P 12.2222722291 11.8122537834 0 98 1
P 25.7777277709 26.1877462166 0 98 1
P 33.0614081685 10.5641308095 0 15 5
P 4.93859183145 27.4358691905 0 15 5
P 27.9831934506 14.9110003095 0 92 5
P 10.0168065494 23.0889996905 0 92 5
P 21.9353040221 23.3019269311 0 95 4
P 16.0646959779 14.6980730689 0 95 4
