P 19 19 0 62 5
P 16.621335329 25.396656917 1 100 5
P 21.378664671 12.603343083 2 100 5
P 4.70923641067 13.6858280954 0 73 1
P 33.2907635893 24.3141719046 0 73 1
P 12.695980829 16.6557836567 0 58 2
P 25.304019171 21.3442163433 0 58 2
P 33.6888421431 11.728177052 0 100 4
P 4.31115785688 26.271822948 0 100 4
P 28.6578526789 18.3700768232 0 48 3
P 9.34214732109 19.6299231768 0 48 3
P 22.1937731618 6.07133749023 0 6 2
P 15.8062268382 31.9286625098 0 6 2
P 22.4512379726 33.3094865282 0 47 4
P 15.5487620274 4.69051347181 0 47 4
