P 19 19 0 23 4
P 32.8261248662 25.5505868564 1 100 5
P 5.17387513376 12.4494131436 2 100 5
P 12.6796964233 32.3400729368 0 60 3
P 25.3203035767 5.65992706318 0 60 3
P 14.5488240583 28.3949619661 0 91 4
P 23.4511759417 9.60503803393 0 91 4
P 26.2352925474 26.8725738428 0 100 5
P 11.7647074526 11.1274261572 0 100 5
P 20.8978079401 21.8523790476 0 16 2
P 17.1021920599 16.1476209524 0 16 2
P 20.261033675 28.3086483508 0 93 4
P 17.738966325 9.69135164924 0 93 4
P 7.4886589597 20.4020525136 0 55 2
P 30.5113410403 17.5979474864 0 55 2
P 13.3432544243 8.1649339924 0 85 4
P 24.6567455757 29.8350660076 0 85 4
P 12.6665772522 6.824961845 0 46 3
P 25.3334227478 31.175038155 0 46 3
P 27.7617152798 17.367269689 0 5 1
P 10.2382847202 20.632730311 0 5 1
P 26.633572471 28.2119943385 0 87 1
P 11.366427529 9.78800566152 0 87 1
