P 19 19 0 98 1
P 28.2449098987 16.9081635052 1 100 5
P 9.75509010129 21.0918364948 2 100 5
P 16.4691787356 7.81498883032 0 61 4
P 21.5308212644 30.1850111697 0 61 4
P 15.5475791815 3.74196263471 0 82 5
P 22.4524208185 34.2580373653 0 82 5
P 5.31057317811 22.4857905442 0 100 4
P 32.6894268219 15.5142094558 0 100 4
P 33.0871353237 22.3300766766 0 79 4
P 4.9128646763 15.6699233234 0 79 4
P 18.3325747693 10.8715145944 0 11 3
P 19.6674252307 27.1284854056 0 11 3
P 30.1354153006 7.39771425061 0 46 4
P 7.86458469935 30.6022857494 0 46 4
P 28.0417435089 21.7521259486 0 44 1
P 9.9582564911 16.2478740514 0 44 1
P 7.35620204516 22.2959229615 0 92 1
P 30.6437979548 15.7040770385 0 92 1
