P 19 19 0 91 5
P 19.0619750947 16.0070469361 1 100 5
P 18.9380249053 21.9929530639 2 100 5
P 3.03124387572 22.9714789528 0 100 4
P 34.9687561243 15.0285210472 0 100 4
P 14.9551806037 25.1822722968 0 25 3
P 23.0448193963 12.8177277032 0 25 3
P 23.619645528 15.1760156706 0 42 4
P 14.380354472 22.8239843294 0 42 4
P 19.2973728488 14.6299605479 0 23 1
P 18.7026271512 23.3700394521 0 23 1
P 12.6870680336 25.5918779289 0 6 1
P 25.3129319664 12.4081220711 0 6 1
P 15.3694334768 33.3216824128 0 93 2
P 22.6305665232 4.67831758722 0 93 2
P 30.7472258171 11.5075679069 0 78 2
P 7.25277418294 26.4924320931 0 78 2
P 21.5520536796 35.7334009689 0 68 2
P 16.4479463204 2.26659903115 0 68 2
P 28.1759590522 8.00103481575 0 82 2
P 9.82404094783 29.9989651842 0 82 2
P 7.6002050292 17.547523618 0 1 5
P 30.3997949708 20.452476382 0 1 5
P 27.6077176619 6.35342619758 0 71 5
P 10.3922823381 31.6465738024 0 71 5
P 15.6411252138 5.00600453091 0 40 2
P 22.3588747862 32.9939954691 0 40 2
P 30.6067974734 21.7105649739 0 24 4
P 7.3932025266 16.2894350261 0 24 4
