P 19 19 0 22 0
P 5.91081917834 14.4099398517 1 100 5
P 32.0891808217 23.5900601483 2 100 5
P 27.5437025495 29.7555279945 0 100 3
P 10.4562974505 8.24447200552 0 100 3
P 18.2041608508 25.8898675198 0 93 3
P 19.7958391492 12.1101324802 0 93 3
P 12.3885098637 5.25793993083 0 88 1
P 25.6114901363 32.7420600692 0 88 1
P 23.6578310143 19.5160575113 0 51 2
P 14.3421689857 18.4839424887 0 51 2
P 16.5427105762 13.6457630646 0 36 4
P 21.4572894238 24.3542369354 0 36 4
P 25.5904583244 4.63461785771 0 54 2
P 12.4095416756 33.3653821423 0 54 2
